0 79 
1 75 
2 79 
3 76 
4 78 
5 75 
6 80 
7 76 
8 82 
9 77 
10 82 
11 77 
12 82 
13 78 
14 81 
15 77 
16 81 
17 75 
18 79 
19 73 
20 77 
21 72 
22 77 
23 73 
24 77 
25 74 
26 78 
27 73 
28 77 
29 73 
30 77 
31 74 
32 78 
33 74 
34 78 
35 74 
36 78 
37 73 
38 78 
39 74 
40 79 
41 75 
42 79 
43 75 
44 79 
45 74 
46 78 
47 75 
48 79 
49 76 
50 80 
51 76 
52 80 
53 75 
54 79 
55 75 
56 80 
57 77 
58 81 
59 77 
60 81 
61 76 
62 80 
63 76 
64 80 
65 76 
66 81 
67 77 
68 80 
69 76 
70 79 
71 75 
72 79 
73 75 
74 80 
75 76 
76 80 
77 75 
78 78 
79 74 
80 78 
81 74 
82 78 
83 75 
84 79 
85 75 
86 78 
87 73 
88 77 
89 73 
90 77 
91 74 
92 78 
93 74 
94 78 
95 73 
96 77 
97 73 
98 78 
99 74 
100 79 
101 75 
102 79 
103 75 
104 78 
105 74 
106 78 
107 75 
108 79 
109 76 
110 80 
111 76 
112 79 
113 75 
114 79 
115 76 
116 80 
117 77 
118 81 
119 77 
120 80 
121 76 
122 79 
123 76 
124 80 
125 77 
126 81 
127 77 
128 80 
129 76 
130 79 
131 75 
132 79 
133 76 
134 80 
135 76 
136 79 
137 75 
138 78 
139 74 
140 78 
141 75 
142 79 
143 75 
144 79 
145 75 
146 77 
147 73 
148 77 
149 74 
150 78 
151 75 
152 78 
153 74 
154 77 
155 73 
156 77 
157 73 
158 78 
159 75 
160 79 
161 75 
162 78 
163 74 
164 78 
165 74 
166 78 
167 75 
168 79 
169 76 
170 79 
171 75 
172 79 
173 75 
174 79 
175 76 
176 80 
177 77 
178 81 
179 77 
180 80 
181 76 
182 79 
183 76 
184 80 
185 77 
186 81 
187 77 
188 80 
189 76 
190 79 
191 76 
192 79 
193 76 
194 80 
195 76 
196 79 
197 75 
198 78 
199 75 
200 78 
201 75 
202 79 
203 76 
204 78 
205 74 
206 77 
207 74 
208 77 
209 74 
210 78 
211 75 
212 78 
213 74 
214 77 
215 73 
216 77 
217 74 
218 78 
219 75 
220 78 
221 75 
222 78 
223 74 
224 77 
225 74 
226 78 
227 76 
228 79 
229 76 
230 79 
231 75 
232 78 
233 75 
234 79 
235 76 
236 80 
237 77 
238 80 
239 76 
240 79 
241 76 
242 79 
243 77 
244 81 
245 78 
246 81 
247 77 
248 79 
249 76 
250 79 
251 76 
252 80 
253 77 
254 80 
255 76 
256 79 
257 75 
258 78 
259 75 
260 79 
261 76 
262 79 
263 76 
264 78 
265 74 
266 77 
267 74 
268 77 
269 75 
270 78 
271 75 
272 78 
273 74 
274 77 
275 73 
276 77 
277 74 
278 78 
279 75 
280 78 
281 74 
282 77 
283 74 
284 77 
285 75 
286 78 
287 76 
288 79 
289 76 
290 78 
291 75 
292 78 
293 75 
294 79 
295 77 
296 80 
297 77 
298 79 
299 76 
300 79 
301 76 
302 80 
303 77 
304 81 
305 78 
306 80 
307 77 
308 79 
309 76 
310 79 
311 77 
312 80 
313 77 
314 80 
315 76 
316 79 
317 75 
318 78 
319 76 
320 79 
321 76 
322 79 
323 76 
324 78 
325 74 
326 77 
327 74 
328 78 
329 75 
330 78 
331 75 
332 77 
333 74 
334 76 
335 74 
336 77 
337 75 
338 78 
339 75 
340 77 
341 74 
342 77 
343 74 
344 77 
345 75 
346 79 
347 76 
348 79 
349 75 
350 78 
351 75 
352 78 
353 76 
354 79 
355 77 
356 80 
357 76 
358 79 
359 76 
360 79 
361 76 
362 80 
363 77 
364 80 
365 77 
366 80 
367 76 
368 79 
369 76 
370 80 
371 77 
372 80 
373 77 
374 80 
375 76 
376 78 
377 75 
378 79 
379 76 
380 79 
381 76 
382 79 
383 75 
384 78 
385 75 
386 77 
387 75 
388 78 
389 76 
390 78 
391 75 
392 77 
393 74 
394 76 
395 74 
396 77 
397 75 
398 78 
399 75 
400 77 
401 74 
402 76 
403 74 
404 77 
405 75 
406 78 
407 76 
408 78 
409 75 
410 77 
411 75 
412 78 
413 76 
414 79 
415 77 
416 79 
417 76 
418 78 
419 76 
420 79 
421 77 
422 80 
423 78 
424 80 
425 77 
426 79 
427 76 
428 79 
429 77 
430 80 
431 78 
432 80 
433 77 
434 79 
435 76 
436 78 
437 76 
438 79 
439 77 
440 79 
441 77 
442 79 
443 75 
444 77 
445 75 
446 78 
447 76 
448 78 
449 76 
450 78 
451 75 
452 77 
453 74 
454 77 
455 74 
456 78 
457 75 
458 77 
459 74 
460 77 
461 74 
462 76 
463 74 
464 78 
465 75 
466 78 
467 75 
468 78 
469 75 
470 77 
471 75 
472 78 
473 76 
474 79 
475 76 
476 79 
477 76 
478 78 
479 76 
480 79 
481 77 
482 80 
483 77 
484 80 
485 77 
486 79 
487 76 
488 79 
489 77 
490 80 
491 78 
492 80 
493 77 
494 79 
495 76 
496 79 
497 76 
498 79 
499 77 
500 79 
501 76 
502 78 
503 75 
504 78 
505 75 
506 78 
507 76 
508 79 
509 76 
510 78 
511 75 
512 77 
513 74 
514 77 
515 75 
516 78 
517 75 
518 77 
519 74 
520 76 
521 74 
522 76 
523 75 
524 78 
525 75 
526 78 
527 75 
528 77 
529 74 
530 77 
531 75 
532 78 
533 76 
534 79 
535 76 
536 78 
537 75 
538 78 
539 76 
540 79 
541 77 
542 80 
543 77 
544 79 
545 76 
546 79 
547 76 
548 79 
549 78 
550 80 
551 78 
552 80 
553 77 
554 79 
555 76 
556 79 
557 77 
558 80 
559 77 
560 79 
561 76 
562 78 
563 75 
564 78 
565 76 
566 79 
567 76 
568 79 
569 76 
570 77 
571 75 
572 77 
573 75 
574 77 
575 75 
576 78 
577 75 
578 77 
579 74 
580 76 
581 74 
582 77 
583 75 
584 78 
585 75 
586 77 
587 75 
588 77 
589 74 
590 77 
591 76 
592 78 
593 76 
594 78 
595 76 
596 78 
597 75 
598 78 
599 76 
600 79 
601 77 
602 79 
603 77 
604 79 
605 76 
606 79 
607 77 
608 80 
609 78 
610 80 
611 78 
612 79 
613 77 
614 79 
615 77 
616 79 
617 77 
618 80 
619 77 
620 79 
621 76 
622 78 
623 76 
624 78 
625 76 
626 79 
627 77 
628 78 
629 76 
630 77 
631 75 
632 77 
633 75 
634 78 
635 76 
636 78 
637 75 
638 77 
639 74 
640 76 
641 74 
642 77 
643 75 
644 77 
645 75 
646 77 
647 74 
648 76 
649 75 
650 77 
651 76 
652 78 
653 76 
654 78 
655 75 
656 77 
657 75 
658 78 
659 76 
660 79 
661 77 
662 79 
663 76 
664 78 
665 76 
666 79 
667 77 
668 80 
669 78 
670 80 
671 77 
672 79 
673 77 
674 79 
675 77 
676 80 
677 78 
678 80 
679 77 
680 79 
681 76 
682 78 
683 76 
684 79 
685 77 
686 79 
687 77 
688 78 
689 75 
690 77 
691 75 
692 77 
693 76 
694 78 
695 76 
696 77 
697 75 
698 76 
699 74 
700 76 
701 75 
702 77 
703 75 
704 77 
705 75 
706 76 
707 74 
708 76 
709 75 
710 77 
711 76 
712 78 
713 76 
714 77 
715 75 
716 77 
717 75 
718 78 
719 77 
720 79 
721 77 
722 78 
723 76 
724 78 
725 76 
726 79 
727 77 
728 80 
729 78 
730 80 
731 77 
732 79 
733 77 
734 79 
735 77 
736 80 
737 78 
738 80 
739 77 
740 79 
741 76 
742 78 
743 76 
744 79 
745 77 
746 79 
747 77 
748 78 
749 75 
750 77 
751 75 
752 78 
753 76 
754 78 
755 76 
756 77 
757 75 
758 76 
759 74 
760 77 
761 75 
762 77 
763 75 
764 77 
765 74 
766 76 
767 74 
768 76 
769 75 
770 78 
771 76 
772 78 
773 75 
774 77 
775 75 
776 77 
777 76 
778 78 
779 77 
780 79 
781 76 
782 78 
783 76 
784 78 
785 76 
786 79 
787 77 
788 80 
789 78 
790 79 
791 77 
792 79 
793 77 
794 79 
795 78 
796 80 
797 78 
798 79 
799 77 
800 78 
801 76 
802 79 
803 77 
804 79 
805 77 
806 79 
807 76 
808 78 
809 75 
810 77 
811 76 
812 78 
813 76 
814 78 
815 76 
816 77 
817 75 
818 76 
819 75 
820 77 
821 75 
822 77 
823 75 
824 77 
825 74 
826 76 
827 74 
828 77 
829 75 
830 77 
831 76 
832 77 
833 75 
834 77 
835 75 
836 77 
837 76 
838 78 
839 77 
840 78 
841 76 
842 78 
843 76 
844 78 
845 76 
846 79 
847 77 
848 79 
849 77 
850 79 
851 77 
852 79 
853 77 
854 79 
855 78 
856 80 
857 78 
858 79 
859 77 
860 78 
861 77 
862 79 
863 77 
864 79 
865 77 
866 79 
867 76 
868 78 
869 76 
870 78 
871 76 
872 78 
873 77 
874 78 
875 76 
876 77 
877 75 
878 77 
879 75 
880 77 
881 76 
882 77 
883 75 
884 76 
885 74 
886 76 
887 74 
888 77 
889 75 
890 77 
891 75 
892 77 
893 75 
894 76 
895 75 
896 77 
897 76 
898 78 
899 76 
900 78 
901 76 
902 77 
903 76 
904 78 
905 77 
906 79 
907 77 
908 79 
909 77 
910 78 
911 76 
912 79 
913 77 
914 80 
915 78 
916 80 
917 78 
918 79 
919 77 
920 79 
921 77 
922 79 
923 78 
924 80 
925 77 
926 78 
927 76 
928 78 
929 76 
930 78 
931 77 
932 79 
933 77 
934 78 
935 75 
936 77 
937 75 
938 77 
939 76 
940 78 
941 76 
942 77 
943 75 
944 76 
945 74 
946 76 
947 75 
948 77 
949 75 
950 77 
951 75 
952 76 
953 74 
954 76 
955 75 
956 77 
957 76 
958 78 
959 76 
960 77 
961 75 
962 77 
963 76 
964 78 
965 77 
966 79 
967 77 
968 78 
969 76 
970 78 
971 76 
972 79 
973 78 
974 80 
975 78 
976 79 
977 77 
978 79 
979 77 
980 79 
981 78 
982 80 
983 78 
984 79 
985 77 
986 78 
987 76 
988 78 
989 77 
990 79 
991 77 
992 79 
993 77 
994 78 
995 75 
996 77 
997 75 
998 77 
999 76 
1000 78 
1001 76 
1002 77 
1003 75 
1004 76 
1005 74 
1006 76 
1007 75 
1008 77 
1009 75 
1010 77 
1011 75 
1012 76 
1013 74 
1014 76 
1015 75 
1016 77 
1017 76 
1018 78 
1019 76 
1020 77 
1021 75 
1022 77 
1023 76 
1024 78 
1025 77 
1026 79 
1027 77 
1028 78 
1029 76 
1030 78 
1031 77 
1032 79 
1033 78 
1034 80 
1035 78 
1036 79 
1037 77 
1038 78 
1039 77 
1040 79 
1041 78 
1042 80 
1043 78 
1044 79 
1045 77 
1046 78 
1047 76 
1048 78 
1049 77 
1050 79 
1051 77 
1052 79 
1053 76 
1054 77 
1055 75 
1056 77 
1057 76 
1058 78 
1059 76 
1060 78 
1061 76 
1062 77 
1063 75 
1064 76 
1065 75 
1066 77 
1067 75 
1068 77 
1069 75 
1070 76 
1071 74 
1072 76 
1073 74 
1074 76 
1075 75 
1076 77 
1077 76 
1078 77 
1079 75 
1080 77 
1081 75 
1082 77 
1083 76 
1084 78 
1085 77 
1086 78 
1087 76 
1088 78 
1089 76 
1090 78 
1091 77 
1092 79 
1093 78 
1094 79 
1095 77 
1096 79 
1097 77 
1098 78 
1099 77 
1100 79 
1101 78 
1102 80 
1103 78 
1104 79 
1105 77 
1106 78 
1107 77 
1108 79 
1109 77 
1110 79 
1111 77 
1112 78 
1113 76 
1114 77 
1115 76 
1116 77 
1117 76 
1118 78 
1119 77 
1120 78 
1121 76 
1122 77 
1123 75 
1124 76 
1125 75 
1126 77 
1127 76 
1128 77 
1129 75 
1130 76 
1131 74 
1132 76 
1133 75 
1134 77 
1135 76 
1136 77 
1137 76 
1138 77 
1139 75 
1140 76 
1141 75 
1142 77 
1143 76 
1144 78 
1145 77 
1146 78 
1147 76 
1148 77 
1149 76 
1150 78 
1151 77 
1152 79 
1153 78 
1154 79 
1155 77 
1156 78 
1157 77 
1158 79 
1159 78 
1160 80 
1161 78 
1162 80 
1163 78 
1164 79 
1165 77 
1166 78 
1167 77 
1168 79 
1169 78 
1170 79 
1171 77 
1172 78 
1173 76 
1174 77 
1175 76 
1176 78 
1177 77 
1178 78 
1179 77 
1180 77 
1181 75 
1182 77 
1183 75 
1184 77 
1185 76 
1186 77 
1187 76 
1188 77 
1189 75 
1190 76 
1191 74 
1192 76 
1193 75 
1194 77 
1195 76 
1196 77 
1197 75 
1198 76 
1199 75 
1200 76 
1201 75 
1202 77 
1203 76 
1204 78 
1205 76 
1206 77 
1207 76 
1208 77 
1209 76 
1210 78 
1211 77 
1212 79 
1213 77 
1214 78 
1215 77 
1216 78 
1217 77 
1218 79 
1219 78 
1220 80 
1221 78 
1222 79 
1223 77 
1224 78 
1225 77 
1226 79 
1227 78 
1228 79 
1229 78 
1230 79 
1231 77 
1232 78 
1233 76 
1234 78 
1235 77 
1236 78 
1237 77 
1238 78 
1239 76 
1240 77 
1241 75 
1242 77 
1243 75 
1244 77 
1245 76 
1246 77 
1247 76 
1248 77 
1249 75 
1250 76 
1251 74 
1252 76 
1253 75 
1254 77 
1255 76 
1256 77 
1257 75 
1258 76 
1259 75 
1260 76 
1261 76 
1262 78 
1263 76 
1264 78 
1265 76 
1266 77 
1267 75 
1268 77 
1269 76 
1270 78 
1271 77 
1272 79 
1273 77 
1274 78 
1275 76 
1276 78 
1277 77 
1278 79 
1279 78 
1280 80 
1281 78 
1282 79 
1283 77 
1284 78 
1285 77 
1286 79 
1287 78 
1288 80 
1289 78 
1290 79 
1291 77 
1292 78 
1293 76 
1294 78 
1295 77 
1296 79 
1297 77 
1298 78 
1299 76 
1300 77 
1301 75 
1302 77 
1303 76 
1304 78 
1305 76 
1306 77 
1307 76 
1308 76 
1309 75 
1310 76 
1311 75 
1312 77 
1313 76 
1314 77 
1315 75 
1316 76 
1317 75 
1318 76 
1319 75 
1320 77 
1321 76 
1322 77 
1323 76 
1324 77 
1325 76 
1326 77 
1327 75 
1328 77 
1329 76 
1330 78 
1331 77 
1332 78 
1333 77 
1334 78 
1335 76 
1336 78 
1337 77 
1338 79 
1339 78 
1340 79 
1341 78 
1342 79 
1343 77 
1344 78 
1345 77 
1346 79 
1347 78 
1348 80 
1349 78 
1350 79 
1351 77 
1352 78 
1353 77 
1354 78 
1355 77 
1356 79 
1357 77 
1358 78 
1359 76 
1360 77 
1361 76 
1362 77 
1363 76 
1364 78 
1365 76 
1366 77 
1367 75 
1368 76 
1369 75 
1370 76 
1371 75 
1372 77 
1373 76 
1374 77 
1375 75 
1376 76 
1377 74 
1378 76 
1379 75 
1380 77 
1381 76 
1382 77 
1383 76 
1384 77 
1385 75 
1386 76 
1387 76 
1388 77 
1389 77 
1390 78 
1391 77 
1392 78 
1393 76 
1394 77 
1395 76 
1396 78 
1397 77 
1398 79 
1399 78 
1400 79 
1401 77 
1402 78 
1403 77 
1404 79 
1405 78 
1406 79 
1407 78 
1408 79 
1409 78 
1410 78 
1411 77 
1412 78 
1413 77 
1414 79 
1415 78 
1416 79 
1417 77 
1418 78 
1419 76 
1420 77 
1421 76 
1422 78 
1423 77 
1424 78 
1425 76 
1426 77 
1427 75 
1428 76 
1429 75 
1430 76 
1431 76 
1432 77 
1433 76 
1434 77 
1435 75 
1436 76 
1437 74 
1438 76 
1439 75 
1440 77 
1441 76 
1442 77 
1443 75 
1444 76 
1445 75 
1446 76 
1447 76 
1448 77 
1449 77 
1450 78 
1451 77 
1452 77 
1453 76 
1454 77 
1455 76 
1456 78 
1457 77 
1458 79 
1459 78 
1460 79 
1461 77 
1462 78 
1463 77 
1464 79 
1465 78 
1466 80 
1467 78 
1468 79 
1469 78 
1470 78 
1471 77 
1472 78 
1473 78 
1474 79 
1475 78 
1476 79 
1477 77 
1478 78 
1479 76 
1480 77 
1481 76 
1482 78 
1483 77 
1484 78 
1485 76 
1486 77 
1487 75 
1488 76 
1489 75 
1490 77 
1491 76 
1492 77 
1493 76 
1494 76 
1495 75 
1496 76 
1497 75 
1498 76 
1499 75 
1500 77 
1501 76 
1502 77 
1503 75 
1504 76 
1505 75 
1506 76 
1507 76 
1508 78 
1509 77 
1510 78 
1511 76 
1512 77 
1513 76 
1514 77 
1515 76 
1516 78 
1517 77 
1518 79 
1519 77 
1520 78 
1521 77 
1522 78 
1523 77 
1524 79 
1525 78 
1526 80 
1527 78 
1528 79 
1529 77 
1530 78 
1531 77 
1532 79 
1533 78 
1534 79 
1535 78 
1536 79 
1537 77 
1538 78 
1539 76 
1540 78 
1541 77 
1542 78 
1543 77 
1544 78 
1545 76 
1546 77 
1547 75 
1548 77 
1549 76 
1550 77 
1551 76 
1552 77 
1553 76 
1554 76 
1555 75 
1556 76 
1557 75 
1558 76 
1559 76 
1560 77 
1561 75 
1562 76 
1563 75 
1564 76 
1565 75 
1566 77 
1567 76 
1568 78 
1569 76 
1570 77 
1571 76 
1572 77 
1573 76 
1574 77 
1575 77 
1576 78 
1577 77 
1578 78 
1579 77 
1580 78 
1581 76 
1582 78 
1583 77 
1584 79 
1585 78 
1586 79 
1587 78 
1588 79 
1589 77 
1590 78 
1591 78 
1592 79 
1593 78 
1594 79 
1595 78 
1596 78 
1597 77 
1598 78 
1599 77 
1600 78 
1601 77 
1602 79 
1603 77 
1604 78 
1605 76 
1606 77 
1607 76 
1608 77 
1609 76 
1610 78 
1611 76 
1612 77 
1613 75 
1614 76 
1615 75 
1616 76 
1617 75 
1618 77 
1619 76 
1620 77 
1621 75 
1622 76 
1623 75 
1624 76 
1625 75 
1626 77 
1627 76 
1628 77 
1629 76 
1630 77 
1631 75 
1632 77 
1633 76 
1634 77 
1635 77 
1636 78 
1637 77 
1638 78 
1639 76 
1640 77 
1641 76 
1642 78 
1643 77 
1644 79 
1645 78 
1646 79 
1647 78 
1648 78 
1649 77 
1650 79 
1651 78 
1652 79 
1653 78 
1654 79 
1655 78 
1656 78 
1657 77 
1658 78 
1659 77 
1660 79 
1661 78 
1662 79 
1663 77 
1664 78 
1665 76 
1666 77 
1667 76 
1668 77 
1669 77 
1670 78 
1671 76 
1672 77 
1673 75 
1674 76 
1675 75 
1676 76 
1677 76 
1678 77 
1679 76 
1680 76 
1681 75 
1682 76 
1683 74 
1684 76 
1685 75 
1686 77 
1687 76 
1688 77 
1689 76 
1690 76 
1691 75 
1692 77 
1693 76 
1694 78 
1695 77 
1696 78 
1697 77 
1698 77 
1699 76 
1700 77 
1701 77 
1702 78 
1703 78 
1704 79 
1705 78 
1706 79 
1707 77 
1708 78 
1709 77 
1710 79 
1711 78 
1712 79 
1713 78 
1714 79 
1715 78 
1716 78 
1717 77 
1718 78 
1719 78 
1720 79 
1721 78 
1722 79 
1723 77 
1724 78 
1725 76 
1726 77 
1727 76 
1728 78 
1729 77 
1730 78 
1731 76 
1732 77 
1733 75 
1734 76 
1735 75 
1736 77 
1737 76 
1738 77 
1739 76 
1740 76 
1741 75 
1742 76 
1743 75 
1744 76 
1745 75 
1746 77 
1747 76 
1748 77 
1749 75 
1750 76 
1751 75 
1752 77 
1753 76 
1754 78 
1755 77 
1756 78 
1757 76 
1758 77 
1759 76 
1760 77 
1761 77 
1762 78 
1763 78 
1764 79 
1765 77 
1766 78 
1767 77 
1768 78 
1769 77 
1770 79 
1771 78 
1772 79 
1773 78 
1774 79 
1775 77 
1776 78 
1777 77 
1778 79 
1779 78 
1780 79 
1781 78 
1782 78 
1783 77 
1784 77 
1785 76 
1786 78 
1787 77 
1788 78 
1789 77 
1790 78 
1791 76 
1792 77 
1793 75 
1794 76 
1795 76 
1796 77 
1797 76 
1798 77 
1799 76 
1800 76 
1801 75 
1802 76 
1803 75 
1804 76 
1805 76 
1806 77 
1807 76 
1808 76 
1809 75 
1810 76 
1811 75 
1812 77 
1813 76 
1814 78 
1815 77 
1816 77 
1817 76 
1818 77 
1819 76 
1820 77 
1821 77 
1822 78 
1823 77 
1824 78 
1825 77 
1826 78 
1827 77 
1828 78 
1829 78 
1830 79 
1831 78 
1832 79 
1833 78 
1834 79 
1835 77 
1836 78 
1837 78 
1838 79 
1839 78 
1840 79 
1841 78 
1842 78 
1843 77 
1844 78 
1845 77 
1846 78 
1847 77 
1848 78 
1849 77 
1850 78 
1851 76 
1852 77 
1853 76 
1854 77 
1855 76 
1856 77 
1857 76 
1858 77 
1859 75 
1860 76 
1861 75 
1862 76 
1863 75 
1864 77 
1865 76 
1866 77 
1867 75 
1868 76 
1869 75 
1870 76 
1871 75 
1872 77 
1873 76 
1874 77 
1875 76 
1876 77 
1877 76 
1878 77 
1879 76 
1880 77 
1881 77 
1882 78 
1883 77 
1884 78 
1885 77 
1886 77 
1887 77 
1888 78 
1889 78 
1890 79 
1891 78 
1892 79 
1893 78 
1894 78 
1895 77 
1896 78 
1897 78 
1898 79 
1899 78 
1900 79 
1901 78 
1902 78 
1903 77 
1904 78 
1905 77 
1906 78 
1907 78 
1908 78 
1909 77 
1910 77 
1911 76 
1912 77 
1913 76 
1914 77 
1915 77 
1916 77 
1917 76 
1918 77 
1919 75 
1920 76 
1921 75 
1922 76 
1923 76 
1924 77 
1925 76 
1926 76 
1927 75 
1928 76 
1929 75 
1930 76 
1931 75 
1932 77 
1933 76 
1934 77 
1935 76 
1936 77 
1937 76 
1938 77 
1939 76 
1940 78 
1941 77 
1942 78 
1943 77 
1944 78 
1945 76 
1946 77 
1947 77 
1948 78 
1949 78 
1950 79 
1951 78 
1952 79 
1953 77 
1954 78 
1955 77 
1956 79 
1957 78 
1958 79 
1959 78 
1960 79 
1961 78 
1962 78 
1963 77 
1964 78 
1965 77 
1966 79 
1967 78 
1968 78 
1969 77 
1970 77 
1971 76 
1972 77 
1973 76 
1974 78 
1975 77 
1976 78 
1977 76 
1978 77 
1979 75 
1980 76 
1981 75 
1982 76 
1983 76 
1984 77 
1985 76 
1986 76 
1987 75 
1988 75 
1989 75 
1990 76 
1991 76 
1992 77 
1993 76 
1994 77 
1995 76 
1996 76 
1997 75 
1998 77 
1999 76 
2000 78 
2001 77 
2002 78 
2003 78 
2004 76 
2005 76 
2006 78 
2007 79 
2008 80 
2009 80 
2010 80 
2011 79 
2012 80 
2013 80 
2014 80 
2015 79 
2016 80 
2017 78 
2018 78 
2019 76 
2020 77 
2021 76 
2022 77 
2023 76 
2024 77 
2025 76 
2026 76 
2027 76 
2028 77 
2029 76 
2030 77 
2031 76 
2032 76 
2033 75 
2034 76 
2035 76 
2036 77 
2037 76 
2038 77 
2039 75 
2040 76 
2041 75 
2042 76 
2043 76 
2044 78 
2045 77 
2046 77 
2047 75 
2048 76 
2049 75 
2050 77 
2051 77 
2052 79 
2053 78 
2054 78 
2055 76 
2056 76 
2057 76 
2058 78 
2059 78 
2060 80 
2061 79 
2062 78 
2063 76 
2064 77 
2065 76 
2066 78 
2067 78 
2068 79 
2069 78 
2070 78 
2071 76 
2072 77 
2073 76 
2074 78 
2075 78 
2076 79 
2077 78 
2078 77 
2079 76 
2080 76 
2081 76 
2082 77 
2083 77 
2084 78 
2085 77 
2086 77 
2087 76 
2088 77 
2089 76 
2090 77 
2091 77 
2092 77 
2093 76 
2094 77 
2095 76 
2096 77 
2097 77 
2098 78 
2099 76 
2100 77 
2101 76 
2102 77 
2103 77 
2104 78 
2105 77 
2106 78 
2107 76 
2108 77 
2109 76 
2110 77 
2111 77 
2112 78 
2113 78 
2114 78 
2115 76 
2116 76 
2117 76 
2118 77 
2119 77 
2120 79 
2121 78 
2122 78 
2123 76 
2124 76 
2125 75 
2126 77 
2127 77 
2128 79 
2129 77 
2130 77 
2131 75 
2132 76 
2133 75 
2134 77 
2135 77 
2136 79 
2137 77 
2138 77 
2139 76 
2140 76 
2141 76 
2142 78 
2143 78 
2144 79 
2145 78 
2146 78 
2147 76 
2148 77 
2149 76 
2150 78 
2151 78 
2152 79 
2153 77 
2154 78 
2155 76 
2156 77 
2157 77 
2158 78 
2159 78 
2160 78 
2161 77 
2162 78 
2163 77 
2164 78 
2165 77 
2166 78 
2167 77 
2168 77 
2169 76 
2170 77 
2171 76 
2172 78 
2173 77 
2174 77 
2175 76 
2176 76 
2177 75 
2178 76 
2179 76 
2180 78 
2181 77 
2182 77 
2183 75 
2184 75 
2185 75 
2186 76 
2187 76 
2188 78 
2189 77 
2190 77 
2191 75 
2192 75 
2193 75 
2194 77 
2195 77 
2196 79 
2197 78 
2198 78 
2199 76 
2200 76 
2201 76 
2202 78 
2203 78 
2204 80 
2205 78 
2206 78 
2207 77 
2208 77 
2209 77 
2210 79 
2211 79 
2212 80 
2213 78 
2214 78 
2215 77 
2216 78 
2217 77 
2218 79 
2219 78 
2220 79 
2221 78 
2222 78 
2223 76 
2224 77 
2225 77 
2226 78 
2227 77 
2228 77 
2229 76 
2230 76 
2231 75 
2232 76 
2233 76 
2234 77 
2235 76 
2236 76 
2237 75 
2238 76 
2239 75 
2240 76 
2241 76 
2242 76 
2243 75 
2244 75 
2245 75 
2246 76 
2247 76 
2248 77 
2249 76 
2250 77 
2251 75 
2252 76 
2253 75 
2254 77 
2255 77 
2256 79 
2257 78 
2258 78 
2259 77 
2260 77 
2261 77 
2262 79 
2263 79 
2264 80 
2265 79 
2266 79 
2267 77 
2268 78 
2269 77 
2270 79 
2271 79 
2272 80 
2273 79 
2274 79 
2275 77 
2276 77 
2277 77 
2278 79 
2279 78 
2280 79 
2281 78 
2282 77 
2283 76 
2284 76 
2285 76 
2286 77 
2287 77 
2288 77 
2289 76 
2290 76 
2291 74 
2292 75 
2293 75 
2294 76 
2295 75 
2296 76 
2297 75 
2298 75 
2299 74 
2300 75 
2301 75 
2302 76 
2303 75 
2304 76 
2305 75 
2306 76 
2307 76 
2308 77 
2309 77 
2310 77 
2311 76 
2312 77 
2313 76 
2314 77 
2315 78 
2316 79 
2317 78 
2318 79 
2319 78 
2320 78 
2321 78 
2322 79 
2323 79 
2324 81 
2325 80 
2326 80 
2327 78 
2328 78 
2329 78 
2330 79 
2331 79 
2332 80 
2333 79 
2334 79 
2335 77 
2336 77 
2337 76 
2338 78 
2339 78 
2340 79 
2341 77 
2342 77 
2343 75 
2344 75 
2345 75 
2346 76 
2347 76 
2348 77 
2349 76 
2350 75 
2351 74 
2352 74 
2353 74 
2354 75 
2355 75 
2356 76 
2357 75 
2358 75 
2359 74 
2360 75 
2361 75 
2362 76 
2363 76 
2364 77 
2365 76 
2366 76 
2367 76 
2368 77 
2369 77 
2370 78 
2371 77 
2372 78 
2373 77 
2374 78 
2375 78 
2376 79 
2377 79 
2378 79 
2379 79 
2380 79 
2381 78 
2382 79 
2383 79 
2384 80 
2385 80 
2386 80 
2387 78 
2388 78 
2389 78 
2390 79 
2391 79 
2392 80 
2393 79 
2394 78 
2395 77 
2396 76 
2397 76 
2398 77 
2399 77 
2400 78 
2401 77 
2402 76 
2403 75 
2404 75 
2405 74 
2406 76 
2407 76 
2408 77 
2409 76 
2410 75 
2411 74 
2412 74 
2413 74 
2414 76 
2415 76 
2416 77 
2417 76 
2418 75 
2419 74 
2420 75 
2421 75 
2422 77 
2423 77 
2424 78 
2425 77 
2426 77 
2427 76 
2428 77 
2429 77 
2430 78 
2431 78 
2432 79 
2433 78 
2434 78 
2435 78 
2436 79 
2437 79 
2438 80 
2439 79 
2440 79 
2441 78 
2442 79 
2443 78 
2444 79 
2445 79 
2446 79 
2447 78 
2448 78 
2449 77 
2450 78 
2451 78 
2452 78 
2453 78 
2454 78 
2455 76 
2456 76 
2457 76 
2458 76 
2459 76 
2460 77 
2461 76 
2462 76 
2463 75 
2464 75 
2465 74 
2466 76 
2467 76 
2468 77 
2469 76 
2470 76 
2471 74 
2472 75 
2473 75 
2474 76 
2475 77 
2476 77 
2477 76 
2478 76 
2479 75 
2480 75 
2481 76 
2482 77 
2483 78 
2484 79 
2485 78 
2486 77 
2487 76 
2488 77 
2489 77 
2490 79 
2491 79 
2492 79 
2493 78 
2494 78 
2495 77 
2496 78 
2497 78 
2498 79 
2499 79 
2500 79 
2501 78 
2502 78 
2503 77 
2504 78 
2505 78 
2506 78 
2507 78 
2508 78 
2509 77 
2510 77 
2511 77 
2512 77 
2513 77 
2514 77 
2515 76 
2516 76 
2517 75 
2518 76 
2519 76 
2520 77 
2521 76 
2522 76 
2523 75 
2524 75 
2525 75 
2526 76 
2527 76 
2528 77 
2529 77 
2530 76 
2531 75 
2532 75 
2533 75 
2534 77 
2535 77 
2536 78 
2537 77 
2538 77 
2539 76 
2540 76 
2541 76 
2542 78 
2543 78 
2544 79 
2545 78 
2546 78 
2547 76 
2548 77 
2549 77 
2550 78 
2551 79 
2552 79 
2553 78 
2554 78 
2555 76 
2556 77 
2557 77 
2558 78 
2559 78 
2560 79 
2561 77 
2562 77 
2563 76 
2564 77 
2565 77 
2566 78 
2567 77 
2568 78 
2569 77 
2570 76 
2571 76 
2572 76 
2573 76 
2574 77 
2575 77 
2576 77 
2577 76 
2578 76 
2579 76 
2580 77 
2581 77 
2582 77 
2583 76 
2584 77 
2585 76 
2586 77 
2587 77 
2588 78 
2589 77 
2590 77 
2591 76 
2592 77 
2593 76 
2594 77 
2595 77 
2596 78 
2597 78 
2598 78 
2599 77 
2600 77 
2601 76 
2602 78 
2603 78 
2604 79 
2605 78 
2606 78 
2607 76 
2608 76 
2609 76 
2610 78 
2611 78 
2612 79 
2613 77 
2614 77 
2615 76 
2616 76 
2617 76 
2618 77 
2619 78 
2620 78 
2621 77 
2622 76 
2623 75 
2624 76 
2625 76 
2626 77 
2627 77 
2628 78 
2629 77 
2630 76 
2631 75 
2632 76 
2633 76 
2634 78 
2635 77 
2636 78 
2637 77 
2638 77 
2639 76 
2640 77 
2641 77 
2642 78 
2643 78 
2644 78 
2645 77 
2646 77 
2647 77 
2648 78 
2649 78 
2650 78 
2651 78 
2652 78 
2653 77 
2654 77 
2655 77 
2656 78 
2657 78 
2658 78 
2659 77 
2660 77 
2661 76 
2662 77 
2663 77 
2664 78 
2665 77 
2666 77 
2667 76 
2668 76 
2669 76 
2670 77 
2671 77 
2672 78 
2673 77 
2674 76 
2675 75 
2676 75 
2677 75 
2678 77 
2679 77 
2680 78 
2681 77 
2682 76 
2683 75 
2684 75 
2685 76 
2686 77 
2687 78 
2688 78 
2689 77 
2690 77 
2691 76 
2692 77 
2693 77 
2694 78 
2695 78 
2696 79 
2697 78 
2698 77 
2699 77 
2700 77 
2701 78 
2702 79 
2703 79 
2704 79 
2705 78 
2706 78 
2707 77 
2708 78 
2709 78 
2710 79 
2711 78 
2712 78 
2713 77 
2714 77 
2715 77 
2716 77 
2717 77 
2718 78 
2719 77 
2720 77 
2721 76 
2722 76 
2723 76 
2724 77 
2725 76 
2726 77 
2727 75 
2728 76 
2729 75 
2730 76 
2731 76 
2732 77 
2733 76 
2734 76 
2735 75 
2736 75 
2737 75 
2738 76 
2739 77 
2740 77 
2741 77 
2742 77 
2743 76 
2744 76 
2745 76 
2746 78 
2747 78 
2748 79 
2749 78 
2750 78 
2751 77 
2752 77 
2753 77 
2754 79 
2755 79 
2756 80 
2757 79 
2758 78 
2759 77 
2760 78 
2761 78 
2762 79 
2763 79 
2764 80 
2765 78 
2766 78 
2767 77 
2768 77 
2769 78 
2770 78 
2771 78 
2772 78 
2773 77 
2774 77 
2775 76 
2776 76 
2777 76 
2778 77 
2779 77 
2780 76 
2781 75 
2782 75 
2783 75 
2784 76 
2785 76 
2786 76 
2787 75 
2788 75 
2789 75 
2790 75 
2791 75 
2792 76 
2793 76 
2794 76 
2795 75 
2796 76 
2797 75 
2798 76 
2799 77 
2800 78 
2801 77 
2802 77 
2803 76 
2804 77 
2805 77 
2806 78 
2807 78 
2808 79 
2809 79 
2810 78 
2811 77 
2812 78 
2813 78 
2814 79 
2815 79 
2816 80 
2817 79 
2818 79 
2819 78 
2820 78 
2821 78 
2822 79 
2823 79 
2824 79 
2825 78 
2826 78 
2827 76 
2828 77 
2829 77 
2830 78 
2831 78 
2832 78 
2833 77 
2834 76 
2835 75 
2836 76 
2837 76 
2838 77 
2839 76 
2840 76 
2841 75 
2842 75 
2843 74 
2844 75 
2845 75 
2846 76 
2847 76 
2848 76 
2849 75 
2850 75 
2851 75 
2852 76 
2853 76 
2854 77 
2855 76 
2856 77 
2857 76 
2858 77 
2859 77 
2860 78 
2861 78 
2862 78 
2863 77 
2864 78 
2865 77 
2866 78 
2867 79 
2868 79 
2869 79 
2870 79 
2871 78 
2872 78 
2873 78 
2874 79 
2875 79 
2876 80 
2877 79 
2878 79 
2879 77 
2880 78 
2881 77 
2882 78 
2883 79 
2884 79 
2885 78 
2886 77 
2887 76 
2888 76 
2889 76 
2890 77 
2891 77 
2892 77 
2893 76 
2894 75 
2895 74 
2896 75 
2897 75 
2898 76 
2899 76 
2900 76 
2901 75 
2902 75 
2903 74 
2904 75 
2905 75 
2906 76 
2907 76 
2908 77 
2909 76 
2910 76 
2911 75 
2912 76 
2913 76 
2914 78 
2915 77 
2916 77 
2917 77 
2918 77 
2919 77 
2920 78 
2921 78 
2922 79 
2923 78 
2924 78 
2925 78 
2926 78 
2927 78 
2928 79 
2929 79 
2930 79 
2931 78 
2932 78 
2933 78 
2934 78 
2935 78 
2936 79 
2937 78 
2938 78 
2939 77 
2940 77 
2941 77 
2942 78 
2943 78 
2944 78 
2945 77 
2946 77 
2947 76 
2948 76 
2949 75 
2950 76 
2951 77 
2952 77 
2953 76 
2954 75 
2955 74 
2956 75 
2957 75 
2958 76 
2959 76 
2960 77 
2961 76 
2962 75 
2963 75 
2964 75 
2965 76 
2966 77 
2967 77 
2968 77 
2969 76 
2970 76 
2971 76 
2972 76 
2973 77 
2974 78 
2975 78 
2976 78 
2977 77 
2978 77 
2979 77 
2980 78 
2981 78 
2982 79 
2983 79 
2984 79 
2985 78 
2986 78 
2987 78 
2988 78 
2989 78 
2990 79 
2991 78 
2992 78 
2993 77 
2994 78 
2995 77 
2996 78 
2997 78 
2998 78 
2999 77 
3000 77 
3001 76 
3002 77 
3003 77 
3004 77 
3005 77 
3006 76 
3007 75 
3008 75 
3009 75 
3010 76 
3011 76 
3012 77 
3013 76 
3014 76 
3015 75 
3016 75 
3017 75 
3018 77 
3019 77 
3020 77 
3021 77 
3022 76 
3023 75 
3024 76 
3025 76 
3026 77 
3027 78 
3028 78 
3029 77 
3030 77 
3031 76 
3032 77 
3033 77 
3034 79 
3035 79 
3036 79 
3037 78 
3038 77 
3039 77 
3040 77 
3041 78 
3042 79 
3043 79 
3044 79 
3045 77 
3046 77 
3047 77 
3048 77 
3049 78 
3050 78 
3051 78 
3052 78 
3053 77 
3054 77 
3055 76 
3056 77 
3057 77 
3058 77 
3059 77 
3060 77 
3061 76 
3062 76 
3063 76 
3064 77 
3065 76 
3066 77 
3067 76 
3068 76 
3069 76 
3070 76 
3071 76 
3072 77 
3073 77 
3074 77 
3075 76 
3076 76 
3077 76 
3078 77 
3079 77 
3080 78 
3081 77 
3082 77 
3083 76 
3084 77 
3085 77 
3086 78 
3087 78 
3088 79 
3089 78 
3090 77 
3091 77 
3092 77 
3093 77 
3094 78 
3095 78 
3096 79 
3097 78 
3098 77 
3099 76 
3100 77 
3101 77 
3102 78 
3103 78 
3104 78 
3105 77 
3106 76 
3107 76 
3108 76 
3109 77 
3110 78 
3111 77 
3112 77 
3113 76 
3114 76 
3115 75 
3116 76 
3117 76 
3118 77 
3119 77 
3120 77 
3121 76 
3122 76 
3123 76 
3124 77 
3125 77 
3126 77 
3127 77 
3128 77 
3129 76 
3130 77 
3131 77 
3132 78 
3133 77 
3134 78 
3135 77 
3136 77 
3137 77 
3138 77 
3139 78 
3140 78 
3141 78 
3142 78 
3143 77 
3144 77 
3145 77 
3146 78 
3147 78 
3148 79 
3149 78 
3150 78 
3151 77 
3152 77 
3153 77 
3154 78 
3155 78 
3156 78 
3157 77 
3158 77 
3159 76 
3160 76 
3161 76 
3162 77 
3163 77 
3164 77 
3165 76 
3166 76 
3167 75 
3168 76 
3169 76 
3170 77 
3171 77 
3172 77 
3173 76 
3174 76 
3175 75 
3176 76 
3177 76 
3178 77 
3179 77 
3180 78 
3181 77 
3182 76 
3183 76 
3184 77 
3185 77 
3186 78 
3187 78 
3188 78 
3189 77 
3190 77 
3191 77 
3192 78 
3193 78 
3194 79 
3195 78 
3196 78 
3197 77 
3198 78 
3199 78 
3200 78 
3201 78 
3202 78 
3203 78 
3204 77 
3205 77 
3206 77 
3207 77 
3208 78 
3209 77 
3210 77 
3211 76 
3212 76 
3213 76 
3214 77 
3215 77 
3216 77 
3217 76 
3218 76 
3219 75 
3220 75 
3221 75 
3222 76 
3223 76 
3224 77 
3225 76 
3226 76 
3227 75 
3228 75 
3229 76 
3230 77 
3231 77 
3232 77 
3233 77 
3234 76 
3235 76 
3236 76 
3237 77 
3238 78 
3239 78 
3240 78 
3241 77 
3242 77 
3243 77 
3244 77 
3245 78 
3246 79 
3247 79 
3248 79 
3249 78 
3250 78 
3251 77 
3252 78 
3253 78 
3254 79 
3255 79 
3256 79 
3257 78 
3258 77 
3259 77 
3260 78 
3261 78 
3262 78 
3263 78 
3264 77 
3265 76 
3266 76 
3267 76 
3268 77 
3269 77 
3270 77 
3271 76 
3272 76 
3273 75 
3274 76 
3275 76 
3276 76 
3277 76 
3278 76 
3279 75 
3280 75 
3281 75 
3282 76 
3283 76 
3284 77 
3285 76 
3286 76 
3287 75 
3288 76 
3289 76 
3290 77 
3291 77 
3292 78 
3293 77 
3294 77 
3295 76 
3296 77 
3297 77 
3298 78 
3299 79 
3300 79 
3301 78 
3302 78 
3303 77 
3304 78 
3305 78 
3306 79 
3307 79 
3308 79 
3309 78 
3310 78 
3311 77 
3312 78 
3313 78 
3314 79 
3315 79 
3316 78 
3317 77 
3318 77 
3319 76 
3320 77 
3321 77 
3322 78 
3323 77 
3324 77 
3325 76 
3326 76 
3327 75 
3328 76 
3329 76 
3330 76 
3331 76 
3332 76 
3333 75 
3334 75 
3335 75 
3336 76 
3337 76 
3338 76 
3339 75 
3340 75 
3341 75 
3342 76 
3343 76 
3344 77 
3345 77 
3346 77 
3347 76 
3348 76 
3349 76 
3350 77 
3351 78 
3352 78 
3353 78 
3354 78 
3355 77 
3356 78 
3357 78 
3358 79 
3359 79 
3360 79 
3361 79 
3362 79 
3363 78 
3364 78 
3365 78 
3366 79 
3367 79 
3368 79 
3369 78 
3370 78 
3371 77 
3372 77 
3373 77 
3374 78 
3375 78 
3376 78 
3377 77 
3378 76 
3379 76 
3380 76 
3381 76 
3382 77 
3383 77 
3384 77 
3385 75 
3386 75 
3387 75 
3388 75 
3389 76 
3390 76 
3391 76 
3392 76 
3393 75 
3394 75 
3395 75 
3396 76 
3397 76 
3398 77 
3399 76 
3400 76 
3401 76 
3402 76 
3403 76 
3404 77 
3405 77 
3406 78 
3407 77 
3408 77 
3409 77 
3410 77 
3411 78 
3412 79 
3413 79 
3414 79 
3415 78 
3416 78 
3417 78 
3418 79 
3419 79 
3420 79 
3421 79 
3422 79 
3423 78 
3424 78 
3425 78 
3426 78 
3427 78 
3428 79 
3429 78 
3430 77 
3431 76 
3432 77 
3433 77 
3434 77 
3435 77 
3436 77 
3437 76 
3438 76 
3439 75 
3440 75 
3441 76 
3442 77 
3443 76 
3444 76 
3445 75 
3446 75 
3447 74 
3448 75 
3449 76 
3450 77 
3451 76 
3452 76 
3453 76 
3454 75 
3455 75 
3456 76 
3457 77 
3458 77 
3459 77 
3460 77 
3461 76 
3462 76 
3463 76 
3464 77 
3465 78 
3466 79 
3467 78 
3468 78 
3469 77 
3470 78 
3471 78 
3472 79 
3473 79 
3474 79 
3475 78 
3476 78 
3477 78 
3478 78 
3479 78 
3480 79 
3481 78 
3482 78 
3483 77 
3484 77 
3485 77 
3486 77 
3487 77 
3488 78 
3489 77 
3490 77 
3491 76 
3492 76 
3493 76 
3494 77 
3495 77 
3496 77 
3497 76 
3498 76 
3499 75 
3500 75 
3501 75 
3502 76 
3503 76 
3504 77 
3505 76 
3506 76 
3507 75 
3508 76 
3509 76 
3510 77 
3511 77 
3512 77 
3513 76 
3514 76 
3515 76 
3516 76 
3517 77 
3518 78 
3519 78 
3520 78 
3521 77 
3522 77 
3523 77 
3524 78 
3525 78 
3526 79 
3527 79 
3528 78 
3529 78 
3530 77 
3531 77 
3532 78 
3533 78 
3534 79 
3535 78 
3536 78 
3537 77 
3538 77 
3539 77 
3540 78 
3541 78 
3542 78 
3543 77 
3544 77 
3545 76 
3546 76 
3547 76 
3548 77 
3549 77 
3550 77 
3551 76 
3552 76 
3553 75 
3554 76 
3555 76 
3556 77 
3557 76 
3558 76 
3559 76 
3560 76 
3561 76 
3562 77 
3563 77 
3564 77 
3565 77 
3566 77 
3567 76 
3568 76 
3569 77 
3570 78 
3571 78 
3572 78 
3573 77 
3574 77 
3575 76 
3576 77 
3577 77 
3578 78 
3579 79 
3580 79 
3581 78 
3582 77 
3583 77 
3584 77 
3585 78 
3586 79 
3587 78 
3588 78 
3589 77 
3590 77 
3591 76 
3592 77 
3593 77 
3594 78 
3595 78 
3596 77 
3597 76 
3598 76 
3599 76 
3600 77 
3601 77 
3602 77 
3603 77 
3604 76 
3605 76 
3606 76 
3607 76 
3608 76 
3609 77 
3610 77 
3611 76 
3612 76 
3613 76 
3614 76 
3615 76 
3616 77 
3617 77 
3618 77 
3619 77 
3620 77 
3621 76 
3622 77 
3623 77 
3624 78 
3625 78 
3626 78 
3627 77 
3628 77 
3629 77 
3630 78 
3631 78 
3632 79 
3633 78 
3634 78 
3635 77 
3636 77 
3637 77 
3638 78 
3639 78 
3640 78 
3641 78 
3642 77 
3643 76 
3644 77 
3645 77 
3646 78 
3647 78 
3648 78 
3649 77 
3650 76 
3651 76 
3652 76 
3653 77 
3654 77 
3655 77 
3656 77 
3657 76 
3658 76 
3659 75 
3660 76 
3661 76 
3662 77 
3663 77 
3664 76 
3665 76 
3666 76 
3667 76 
3668 76 
3669 77 
3670 77 
3671 77 
3672 77 
3673 76 
3674 76 
3675 77 
3676 77 
3677 78 
3678 78 
3679 78 
3680 77 
3681 77 
3682 77 
3683 78 
3684 78 
3685 78 
3686 78 
3687 78 
3688 78 
3689 77 
3690 78 
3691 78 
3692 79 
3693 78 
3694 78 
3695 77 
3696 77 
3697 77 
3698 78 
3699 78 
3700 78 
3701 77 
3702 77 
3703 76 
3704 76 
3705 76 
3706 77 
3707 77 
3708 77 
3709 76 
3710 76 
3711 75 
3712 75 
3713 76 
3714 77 
3715 77 
3716 77 
3717 76 
3718 75 
3719 75 
3720 76 
3721 76 
3722 77 
3723 77 
3724 77 
3725 76 
3726 76 
3727 76 
3728 77 
3729 77 
3730 78 
3731 78 
3732 78 
3733 77 
3734 77 
3735 77 
3736 78 
3737 78 
3738 79 
3739 79 
3740 78 
3741 78 
3742 78 
3743 78 
3744 79 
3745 79 
3746 79 
3747 78 
3748 78 
3749 77 
3750 77 
3751 77 
3752 78 
3753 78 
3754 78 
3755 77 
3756 77 
3757 76 
3758 77 
3759 77 
3760 77 
3761 77 
3762 76 
3763 76 
3764 76 
3765 75 
3766 76 
3767 76 
3768 76 
3769 76 
3770 76 
3771 75 
3772 75 
3773 75 
3774 76 
3775 76 
3776 77 
3777 76 
3778 76 
3779 75 
3780 76 
3781 77 
3782 77 
3783 78 
3784 78 
3785 77 
3786 77 
3787 77 
3788 77 
3789 78 
3790 79 
3791 79 
3792 79 
3793 78 
3794 78 
3795 77 
3796 78 
3797 79 
3798 79 
3799 79 
3800 79 
3801 78 
3802 78 
3803 77 
3804 78 
3805 78 
3806 79 
3807 78 
3808 78 
3809 77 
3810 77 
3811 77 
3812 77 
3813 77 
3814 77 
3815 77 
3816 76 
3817 76 
3818 76 
3819 76 
3820 76 
3821 76 
3822 76 
3823 75 
3824 75 
3825 75 
3826 75 
3827 76 
3828 76 
3829 76 
3830 76 
3831 75 
3832 75 
3833 76 
3834 76 
3835 77 
3836 77 
3837 77 
3838 77 
3839 76 
3840 77 
3841 77 
3842 78 
3843 78 
3844 78 
3845 78 
3846 78 
3847 77 
3848 78 
3849 78 
3850 79 
3851 79 
3852 79 
3853 78 
3854 78 
3855 78 
3856 78 
3857 78 
3858 79 
3859 79 
3860 79 
3861 78 
3862 77 
3863 77 
3864 77 
3865 78 
3866 78 
3867 78 
3868 77 
3869 76 
3870 76 
3871 76 
3872 76 
3873 77 
3874 77 
3875 76 
3876 76 
3877 75 
3878 75 
3879 75 
3880 76 
3881 76 
3882 76 
3883 76 
3884 75 
3885 75 
3886 75 
3887 76 
3888 76 
3889 77 
3890 77 
3891 76 
3892 76 
3893 76 
3894 77 
3895 77 
3896 78 
3897 78 
3898 78 
3899 77 
3900 77 
3901 77 
3902 78 
3903 78 
3904 79 
3905 79 
3906 78 
3907 78 
3908 78 
3909 78 
3910 79 
3911 79 
3912 79 
3913 78 
3914 78 
3915 77 
3916 78 
3917 78 
3918 78 
3919 78 
3920 78 
3921 77 
3922 77 
3923 76 
3924 77 
3925 77 
3926 77 
3927 77 
3928 77 
3929 76 
3930 75 
3931 75 
3932 76 
3933 76 
3934 77 
3935 76 
3936 76 
3937 75 
3938 75 
3939 75 
3940 76 
3941 76 
3942 77 
3943 76 
3944 76 
3945 76 
3946 76 
3947 76 
3948 77 
3949 77 
3950 78 
3951 77 
3952 77 
3953 77 
3954 77 
3955 77 
3956 78 
3957 78 
3958 79 
3959 78 
3960 78 
3961 78 
3962 78 
3963 78 
3964 79 
3965 79 
3966 79 
3967 78 
3968 78 
3969 78 
3970 78 
3971 78 
3972 78 
3973 78 
3974 78 
3975 77 
3976 77 
3977 77 
3978 77 
3979 77 
3980 77 
3981 77 
3982 76 
3983 76 
3984 76 
3985 76 
3986 77 
3987 77 
3988 76 
3989 76 
3990 75 
3991 75 
3992 75 
3993 76 
3994 77 
3995 77 
3996 76 
3997 76 
3998 76 
3999 75 
4000 76 
4001 77 
4002 78 
4003 79 
4004 76 
4005 76 
4006 78 
4007 79 
4008 80 
4009 80 
4010 80 
4011 80 
4012 81 
4013 80 
4014 80 
4015 78 
4016 77 
4017 76 
4018 76 
4019 76 
4020 77 
4021 76 
4022 75 
4023 75 
4024 75 
4025 76 
4026 77 
4027 77 
4028 77 
4029 75 
4030 75 
4031 75 
4032 76 
4033 77 
4034 78 
4035 77 
4036 76 
4037 74 
4038 75 
4039 77 
4040 78 
4041 78 
4042 77 
4043 75 
4044 75 
4045 76 
4046 78 
4047 79 
4048 79 
4049 78 
4050 76 
4051 76 
4052 77 
4053 78 
4054 80 
4055 79 
4056 78 
4057 76 
4058 76 
4059 76 
4060 78 
4061 79 
4062 79 
4063 77 
4064 76 
4065 75 
4066 76 
4067 77 
4068 78 
4069 78 
4070 77 
4071 76 
4072 76 
4073 76 
4074 77 
4075 77 
4076 76 
4077 76 
4078 76 
4079 76 
4080 77 
4081 77 
4082 77 
4083 76 
4084 76 
4085 76 
4086 77 
4087 78 
4088 78 
4089 77 
4090 76 
4091 76 
4092 77 
4093 78 
4094 79 
4095 79 
4096 78 
4097 76 
4098 76 
4099 77 
4100 79 
4101 79 
4102 79 
4103 77 
4104 76 
4105 76 
4106 77 
4107 78 
4108 79 
4109 78 
4110 77 
4111 75 
4112 75 
4113 76 
4114 78 
4115 78 
4116 78 
4117 76 
4118 75 
4119 75 
4120 76 
4121 77 
4122 78 
4123 77 
4124 76 
4125 75 
4126 75 
4127 76 
4128 78 
4129 78 
4130 77 
4131 76 
4132 76 
4133 76 
4134 77 
4135 78 
4136 78 
4137 77 
4138 77 
4139 77 
4140 78 
4141 78 
4142 78 
4143 78 
4144 77 
4145 77 
4146 78 
4147 78 
4148 79 
4149 78 
4150 77 
4151 76 
4152 76 
4153 77 
4154 78 
4155 79 
4156 78 
4157 76 
4158 75 
4159 75 
4160 77 
4161 78 
4162 78 
4163 77 
4164 76 
4165 74 
4166 75 
4167 76 
4168 78 
4169 78 
4170 77 
4171 75 
4172 74 
4173 75 
4174 77 
4175 78 
4176 78 
4177 77 
4178 76 
4179 75 
4180 76 
4181 78 
4182 79 
4183 79 
4184 78 
4185 76 
4186 76 
4187 77 
4188 79 
4189 79 
4190 79 
4191 78 
4192 77 
4193 77 
4194 78 
4195 79 
4196 79 
4197 78 
4198 78 
4199 77 
4200 77 
4201 77 
4202 78 
4203 77 
4204 77 
4205 76 
4206 76 
4207 76 
4208 77 
4209 77 
4210 76 
4211 75 
4212 75 
4213 75 
4214 76 
4215 77 
4216 77 
4217 76 
4218 74 
4219 74 
4220 75 
4221 76 
4222 78 
4223 78 
4224 76 
4225 75 
4226 75 
4227 76 
4228 78 
4229 79 
4230 79 
4231 78 
4232 76 
4233 76 
4234 78 
4235 79 
4236 80 
4237 80 
4238 78 
4239 77 
4240 77 
4241 78 
4242 80 
4243 80 
4244 80 
4245 78 
4246 77 
4247 77 
4248 78 
4249 79 
4250 79 
4251 78 
4252 77 
4253 76 
4254 76 
4255 76 
4256 77 
4257 77 
4258 76 
4259 75 
4260 75 
4261 75 
4262 76 
4263 76 
4264 76 
4265 75 
4266 74 
4267 74 
4268 75 
4269 76 
4270 76 
4271 75 
4272 75 
4273 75 
4274 76 
4275 77 
4276 78 
4277 77 
4278 77 
4279 76 
4280 76 
4281 78 
4282 79 
4283 80 
4284 79 
4285 78 
4286 77 
4287 77 
4288 79 
4289 81 
4290 81 
4291 80 
4292 79 
4293 77 
4294 78 
4295 79 
4296 80 
4297 80 
4298 79 
4299 77 
4300 76 
4301 76 
4302 78 
4303 79 
4304 79 
4305 77 
4306 76 
4307 75 
4308 75 
4309 76 
4310 77 
4311 76 
4312 75 
4313 74 
4314 74 
4315 74 
4316 75 
4317 76 
4318 75 
4319 74 
4320 74 
4321 74 
4322 75 
4323 76 
4324 76 
4325 76 
4326 76 
4327 75 
4328 76 
4329 77 
4330 78 
4331 78 
4332 77 
4333 77 
4334 77 
4335 79 
4336 80 
4337 80 
4338 79 
4339 78 
4340 78 
4341 79 
4342 80 
4343 81 
4344 81 
4345 79 
4346 78 
4347 77 
4348 78 
4349 79 
4350 80 
4351 80 
4352 78 
4353 76 
4354 75 
4355 76 
4356 78 
4357 78 
4358 78 
4359 76 
4360 74 
4361 74 
4362 75 
4363 76 
4364 77 
4365 76 
4366 75 
4367 73 
4368 73 
4369 74 
4370 76 
4371 76 
4372 76 
4373 75 
4374 74 
4375 75 
4376 76 
4377 77 
4378 77 
4379 77 
4380 76 
4381 76 
4382 77 
4383 78 
4384 79 
4385 79 
4386 78 
4387 78 
4388 78 
4389 79 
4390 80 
4391 80 
4392 79 
4393 78 
4394 78 
4395 78 
4396 79 
4397 80 
4398 80 
4399 78 
4400 77 
4401 77 
4402 78 
4403 79 
4404 79 
4405 78 
4406 77 
4407 75 
4408 75 
4409 76 
4410 78 
4411 78 
4412 77 
4413 75 
4414 74 
4415 74 
4416 75 
4417 77 
4418 77 
4419 76 
4420 75 
4421 74 
4422 74 
4423 75 
4424 77 
4425 77 
4426 77 
4427 75 
4428 75 
4429 75 
4430 77 
4431 78 
4432 78 
4433 78 
4434 77 
4435 76 
4436 77 
4437 78 
4438 79 
4439 79 
4440 78 
4441 77 
4442 78 
4443 78 
4444 79 
4445 79 
4446 79 
4447 78 
4448 77 
4449 77 
4450 78 
4451 79 
4452 79 
4453 77 
4454 77 
4455 76 
4456 77 
4457 78 
4458 78 
4459 77 
4460 76 
4461 75 
4462 75 
4463 76 
4464 77 
4465 77 
4466 76 
4467 75 
4468 74 
4469 75 
4470 77 
4471 78 
4472 78 
4473 76 
4474 75 
4475 75 
4476 76 
4477 77 
4478 79 
4479 78 
4480 77 
4481 76 
4482 75 
4483 76 
4484 78 
4485 79 
4486 79 
4487 78 
4488 77 
4489 76 
4490 77 
4491 78 
4492 79 
4493 79 
4494 78 
4495 76 
4496 76 
4497 77 
4498 78 
4499 78 
4500 78 
4501 77 
4502 76 
4503 76 
4504 77 
4505 78 
4506 78 
4507 77 
4508 76 
4509 75 
4510 76 
4511 77 
4512 77 
4513 77 
4514 76 
4515 75 
4516 76 
4517 77 
4518 78 
4519 78 
4520 77 
4521 76 
4522 76 
4523 76 
4524 78 
4525 78 
4526 78 
4527 77 
4528 76 
4529 76 
4530 77 
4531 78 
4532 79 
4533 79 
4534 77 
4535 76 
4536 76 
4537 78 
4538 79 
4539 79 
4540 79 
4541 77 
4542 76 
4543 76 
4544 77 
4545 78 
4546 79 
4547 78 
4548 76 
4549 75 
4550 75 
4551 76 
4552 78 
4553 78 
4554 77 
4555 76 
4556 75 
4557 75 
4558 76 
4559 77 
4560 77 
4561 76 
4562 76 
4563 75 
4564 76 
4565 77 
4566 78 
4567 77 
4568 77 
4569 76 
4570 76 
4571 77 
4572 78 
4573 78 
4574 78 
4575 77 
4576 77 
4577 77 
4578 78 
4579 79 
4580 79 
4581 78 
4582 77 
4583 77 
4584 78 
4585 79 
4586 79 
4587 78 
4588 77 
4589 76 
4590 76 
4591 77 
4592 79 
4593 78 
4594 77 
4595 76 
4596 75 
4597 76 
4598 77 
4599 78 
4600 78 
4601 76 
4602 75 
4603 74 
4604 75 
4605 76 
4606 78 
4607 77 
4608 76 
4609 75 
4610 74 
4611 75 
4612 77 
4613 78 
4614 78 
4615 77 
4616 76 
4617 75 
4618 77 
4619 78 
4620 79 
4621 78 
4622 77 
4623 77 
4624 77 
4625 78 
4626 79 
4627 79 
4628 79 
4629 78 
4630 77 
4631 78 
4632 79 
4633 79 
4634 79 
4635 78 
4636 77 
4637 77 
4638 78 
4639 78 
4640 78 
4641 77 
4642 76 
4643 76 
4644 76 
4645 77 
4646 78 
4647 77 
4648 76 
4649 75 
4650 75 
4651 75 
4652 76 
4653 77 
4654 77 
4655 75 
4656 74 
4657 74 
4658 75 
4659 77 
4660 78 
4661 77 
4662 76 
4663 75 
4664 75 
4665 77 
4666 78 
4667 79 
4668 78 
4669 77 
4670 76 
4671 76 
4672 78 
4673 79 
4674 80 
4675 79 
4676 78 
4677 77 
4678 77 
4679 79 
4680 80 
4681 80 
4682 79 
4683 78 
4684 77 
4685 77 
4686 78 
4687 79 
4688 78 
4689 77 
4690 76 
4691 76 
4692 77 
4693 77 
4694 77 
4695 76 
4696 76 
4697 75 
4698 75 
4699 76 
4700 76 
4701 76 
4702 75 
4703 74 
4704 74 
4705 75 
4706 76 
4707 77 
4708 76 
4709 75 
4710 75 
4711 75 
4712 76 
4713 78 
4714 78 
4715 78 
4716 77 
4717 76 
4718 76 
4719 78 
4720 79 
4721 80 
4722 79 
4723 77 
4724 77 
4725 78 
4726 79 
4727 80 
4728 80 
4729 79 
4730 78 
4731 77 
4732 78 
4733 79 
4734 80 
4735 79 
4736 78 
4737 77 
4738 76 
4739 77 
4740 78 
4741 78 
4742 78 
4743 76 
4744 75 
4745 75 
4746 75 
4747 76 
4748 77 
4749 76 
4750 75 
4751 74 
4752 74 
4753 75 
4754 76 
4755 76 
4756 75 
4757 75 
4758 75 
4759 75 
4760 76 
4761 77 
4762 77 
4763 76 
4764 76 
4765 76 
4766 77 
4767 78 
4768 79 
4769 78 
4770 77 
4771 77 
4772 78 
4773 79 
4774 80 
4775 80 
4776 79 
4777 78 
4778 78 
4779 78 
4780 80 
4781 81 
4782 80 
4783 79 
4784 77 
4785 77 
4786 78 
4787 79 
4788 79 
4789 79 
4790 77 
4791 76 
4792 75 
4793 76 
4794 77 
4795 78 
4796 77 
4797 75 
4798 74 
4799 74 
4800 75 
4801 76 
4802 76 
4803 75 
4804 74 
4805 74 
4806 74 
4807 75 
4808 76 
4809 76 
4810 76 
4811 75 
4812 75 
4813 76 
4814 77 
4815 78 
4816 78 
4817 77 
4818 77 
4819 77 
4820 78 
4821 79 
4822 79 
4823 79 
4824 78 
4825 78 
4826 79 
4827 79 
4828 80 
4829 80 
4830 79 
4831 78 
4832 78 
4833 79 
4834 80 
4835 80 
4836 79 
4837 77 
4838 76 
4839 76 
4840 77 
4841 78 
4842 79 
4843 77 
4844 76 
4845 75 
4846 75 
4847 76 
4848 77 
4849 77 
4850 76 
4851 74 
4852 74 
4853 74 
4854 75 
4855 76 
4856 77 
4857 76 
4858 75 
4859 74 
4860 75 
4861 76 
4862 77 
4863 77 
4864 76 
4865 75 
4866 76 
4867 76 
4868 78 
4869 78 
4870 78 
4871 77 
4872 77 
4873 77 
4874 78 
4875 79 
4876 79 
4877 79 
4878 78 
4879 78 
4880 78 
4881 79 
4882 79 
4883 79 
4884 78 
4885 77 
4886 77 
4887 78 
4888 78 
4889 78 
4890 78 
4891 77 
4892 76 
4893 76 
4894 77 
4895 78 
4896 77 
4897 76 
4898 75 
4899 74 
4900 75 
4901 76 
4902 77 
4903 77 
4904 76 
4905 75 
4906 74 
4907 75 
4908 77 
4909 78 
4910 77 
4911 76 
4912 75 
4913 75 
4914 76 
4915 77 
4916 78 
4917 78 
4918 77 
4919 76 
4920 76 
4921 77 
4922 79 
4923 79 
4924 79 
4925 78 
4926 77 
4927 77 
4928 78 
4929 79 
4930 79 
4931 78 
4932 77 
4933 77 
4934 77 
4935 78 
4936 78 
4937 78 
4938 77 
4939 76 
4940 76 
4941 77 
4942 77 
4943 78 
4944 77 
4945 76 
4946 75 
4947 76 
4948 76 
4949 77 
4950 77 
4951 76 
4952 75 
4953 75 
4954 76 
4955 77 
4956 78 
4957 77 
4958 76 
4959 75 
4960 76 
4961 77 
4962 78 
4963 78 
4964 78 
4965 77 
4966 76 
4967 76 
4968 78 
4969 79 
4970 79 
4971 78 
4972 77 
4973 76 
4974 77 
4975 78 
4976 79 
4977 79 
4978 78 
4979 77 
4980 76 
4981 76 
4982 77 
4983 78 
4984 78 
4985 77 
4986 76 
4987 75 
4988 76 
4989 77 
4990 78 
4991 77 
4992 76 
4993 75 
4994 75 
4995 76 
4996 77 
4997 77 
4998 77 
4999 76 
5000 75 
5001 76 
5002 77 
5003 77 
5004 78 
5005 77 
5006 76 
5007 76 
5008 77 
5009 78 
5010 78 
5011 78 
5012 77 
5013 77 
5014 77 
5015 78 
5016 79 
5017 79 
5018 78 
5019 77 
5020 77 
5021 77 
5022 78 
5023 79 
5024 79 
5025 78 
5026 77 
5027 76 
5028 77 
5029 78 
5030 79 
5031 78 
5032 77 
5033 75 
5034 75 
5035 76 
5036 77 
5037 78 
5038 77 
5039 76 
5040 75 
5041 74 
5042 75 
5043 77 
5044 77 
5045 77 
5046 76 
5047 75 
5048 75 
5049 76 
5050 77 
5051 78 
5052 77 
5053 76 
5054 76 
5055 76 
5056 77 
5057 78 
5058 78 
5059 78 
5060 77 
5061 77 
5062 78 
5063 78 
5064 79 
5065 79 
5066 78 
5067 77 
5068 78 
5069 78 
5070 79 
5071 79 
5072 78 
5073 77 
5074 77 
5075 77 
5076 78 
5077 78 
5078 78 
5079 77 
5080 76 
5081 76 
5082 76 
5083 77 
5084 78 
5085 77 
5086 76 
5087 75 
5088 75 
5089 76 
5090 77 
5091 77 
5092 76 
5093 75 
5094 74 
5095 74 
5096 76 
5097 77 
5098 77 
5099 77 
5100 76 
5101 75 
5102 76 
5103 77 
5104 78 
5105 79 
5106 78 
5107 77 
5108 76 
5109 77 
5110 78 
5111 79 
5112 79 
5113 78 
5114 78 
5115 77 
5116 78 
5117 79 
5118 79 
5119 79 
5120 78 
5121 77 
5122 77 
5123 78 
5124 79 
5125 78 
5126 78 
5127 77 
5128 76 
5129 76 
5130 77 
5131 78 
5132 77 
5133 76 
5134 75 
5135 75 
5136 76 
5137 76 
5138 77 
5139 76 
5140 75 
5141 74 
5142 74 
5143 75 
5144 77 
5145 77 
5146 76 
5147 75 
5148 75 
5149 75 
5150 77 
5151 78 
5152 78 
5153 77 
5154 76 
5155 76 
5156 77 
5157 78 
5158 79 
5159 79 
5160 78 
5161 77 
5162 77 
5163 78 
5164 79 
5165 80 
5166 80 
5167 79 
5168 77 
5169 77 
5170 78 
5171 79 
5172 79 
5173 79 
5174 78 
5175 76 
5176 76 
5177 77 
5178 78 
5179 78 
5180 77 
5181 76 
5182 75 
5183 75 
5184 76 
5185 76 
5186 76 
5187 75 
5188 75 
5189 74 
5190 75 
5191 76 
5192 76 
5193 76 
5194 75 
5195 75 
5196 75 
5197 76 
5198 77 
5199 77 
5200 77 
5201 76 
5202 76 
5203 76 
5204 78 
5205 79 
5206 79 
5207 78 
5208 77 
5209 77 
5210 78 
5211 79 
5212 80 
5213 80 
5214 79 
5215 78 
5216 78 
5217 79 
5218 80 
5219 80 
5220 79 
5221 78 
5222 77 
5223 77 
5224 78 
5225 79 
5226 79 
5227 78 
5228 76 
5229 75 
5230 75 
5231 76 
5232 77 
5233 77 
5234 76 
5235 75 
5236 74 
5237 75 
5238 75 
5239 76 
5240 76 
5241 75 
5242 74 
5243 74 
5244 75 
5245 76 
5246 77 
5247 76 
5248 76 
5249 75 
5250 76 
5251 77 
5252 78 
5253 78 
5254 77 
5255 77 
5256 77 
5257 78 
5258 79 
5259 79 
5260 79 
5261 78 
5262 78 
5263 78 
5264 79 
5265 80 
5266 80 
5267 79 
5268 78 
5269 77 
5270 77 
5271 78 
5272 79 
5273 79 
5274 78 
5275 77 
5276 76 
5277 76 
5278 77 
5279 78 
5280 78 
5281 77 
5282 75 
5283 75 
5284 75 
5285 76 
5286 77 
5287 76 
5288 75 
5289 74 
5290 74 
5291 75 
5292 76 
5293 77 
5294 76 
5295 75 
5296 75 
5297 75 
5298 76 
5299 77 
5300 78 
5301 77 
5302 76 
5303 76 
5304 76 
5305 77 
5306 78 
5307 79 
5308 78 
5309 78 
5310 78 
5311 78 
5312 79 
5313 79 
5314 79 
5315 78 
5316 78 
5317 78 
5318 78 
5319 79 
5320 79 
5321 78 
5322 77 
5323 77 
5324 77 
5325 78 
5326 78 
5327 78 
5328 77 
5329 76 
5330 75 
5331 76 
5332 77 
5333 77 
5334 77 
5335 76 
5336 75 
5337 74 
5338 75 
5339 76 
5340 77 
5341 77 
5342 75 
5343 75 
5344 75 
5345 76 
5346 77 
5347 78 
5348 77 
5349 76 
5350 75 
5351 76 
5352 77 
5353 78 
5354 78 
5355 78 
5356 77 
5357 77 
5358 77 
5359 78 
5360 79 
5361 79 
5362 78 
5363 77 
5364 77 
5365 78 
5366 79 
5367 79 
5368 79 
5369 78 
5370 77 
5371 77 
5372 77 
5373 78 
5374 78 
5375 78 
5376 77 
5377 76 
5378 76 
5379 77 
5380 77 
5381 77 
5382 76 
5383 75 
5384 75 
5385 76 
5386 77 
5387 77 
5388 77 
5389 76 
5390 75 
5391 75 
5392 76 
5393 77 
5394 78 
5395 77 
5396 76 
5397 75 
5398 76 
5399 77 
5400 78 
5401 78 
5402 78 
5403 77 
5404 76 
5405 77 
5406 78 
5407 79 
5408 79 
5409 78 
5410 77 
5411 77 
5412 77 
5413 78 
5414 79 
5415 79 
5416 78 
5417 77 
5418 76 
5419 77 
5420 78 
5421 78 
5422 78 
5423 77 
5424 76 
5425 76 
5426 77 
5427 77 
5428 77 
5429 77 
5430 76 
5431 75 
5432 75 
5433 76 
5434 77 
5435 77 
5436 76 
5437 75 
5438 75 
5439 76 
5440 77 
5441 77 
5442 77 
5443 76 
5444 76 
5445 76 
5446 77 
5447 78 
5448 78 
5449 78 
5450 77 
5451 76 
5452 77 
5453 78 
5454 79 
5455 79 
5456 78 
5457 77 
5458 77 
5459 77 
5460 79 
5461 79 
5462 79 
5463 78 
5464 76 
5465 76 
5466 77 
5467 78 
5468 78 
5469 78 
5470 77 
5471 75 
5472 75 
5473 76 
5474 77 
5475 77 
5476 77 
5477 76 
5478 75 
5479 75 
5480 76 
5481 77 
5482 77 
5483 76 
5484 75 
5485 75 
5486 76 
5487 77 
5488 77 
5489 77 
5490 77 
5491 76 
5492 76 
5493 77 
5494 78 
5495 78 
5496 78 
5497 77 
5498 77 
5499 77 
5500 78 
5501 79 
5502 79 
5503 78 
5504 78 
5505 77 
5506 78 
5507 79 
5508 79 
5509 79 
5510 78 
5511 77 
5512 77 
5513 77 
5514 78 
5515 78 
5516 78 
5517 77 
5518 76 
5519 76 
5520 76 
5521 77 
5522 78 
5523 77 
5524 75 
5525 74 
5526 75 
5527 76 
5528 77 
5529 77 
5530 76 
5531 75 
5532 74 
5533 75 
5534 76 
5535 77 
5536 77 
5537 76 
5538 76 
5539 75 
5540 76 
5541 77 
5542 78 
5543 78 
5544 77 
5545 77 
5546 77 
5547 78 
5548 79 
5549 79 
5550 79 
5551 78 
5552 78 
5553 78 
5554 79 
5555 79 
5556 79 
5557 79 
5558 78 
5559 77 
5560 78 
5561 78 
5562 79 
5563 78 
5564 77 
5565 76 
5566 76 
5567 77 
5568 77 
5569 77 
5570 77 
5571 76 
5572 75 
5573 75 
5574 76 
5575 77 
5576 77 
5577 76 
5578 75 
5579 74 
5580 75 
5581 76 
5582 77 
5583 77 
5584 76 
5585 75 
5586 75 
5587 76 
5588 77 
5589 78 
5590 78 
5591 77 
5592 76 
5593 76 
5594 77 
5595 78 
5596 79 
5597 79 
5598 78 
5599 77 
5600 77 
5601 78 
5602 79 
5603 80 
5604 79 
5605 78 
5606 77 
5607 78 
5608 78 
5609 79 
5610 79 
5611 78 
5612 77 
5613 76 
5614 77 
5615 77 
5616 78 
5617 77 
5618 76 
5619 75 
5620 75 
5621 76 
5622 77 
5623 77 
5624 76 
5625 75 
5626 74 
5627 75 
5628 76 
5629 76 
5630 76 
5631 76 
5632 75 
5633 75 
5634 76 
5635 77 
5636 77 
5637 77 
5638 77 
5639 76 
5640 76 
5641 77 
5642 78 
5643 79 
5644 78 
5645 77 
5646 77 
5647 77 
5648 78 
5649 80 
5650 80 
5651 79 
5652 78 
5653 77 
5654 78 
5655 79 
5656 80 
5657 79 
5658 79 
5659 77 
5660 77 
5661 77 
5662 78 
5663 78 
5664 78 
5665 77 
5666 76 
5667 75 
5668 76 
5669 77 
5670 77 
5671 76 
5672 76 
5673 75 
5674 75 
5675 75 
5676 76 
5677 76 
5678 76 
5679 75 
5680 75 
5681 75 
5682 76 
5683 77 
5684 77 
5685 76 
5686 76 
5687 76 
5688 77 
5689 78 
5690 78 
5691 78 
5692 77 
5693 77 
5694 77 
5695 78 
5696 79 
5697 79 
5698 79 
5699 78 
5700 78 
5701 78 
5702 79 
5703 80 
5704 80 
5705 79 
5706 78 
5707 77 
5708 77 
5709 78 
5710 79 
5711 79 
5712 77 
5713 76 
5714 76 
5715 76 
5716 77 
5717 78 
5718 77 
5719 76 
5720 75 
5721 75 
5722 75 
5723 76 
5724 77 
5725 76 
5726 75 
5727 74 
5728 74 
5729 75 
5730 76 
5731 77 
5732 76 
5733 76 
5734 75 
5735 76 
5736 77 
5737 77 
5738 78 
5739 77 
5740 77 
5741 77 
5742 77 
5743 78 
5744 79 
5745 79 
5746 78 
5747 78 
5748 78 
5749 79 
5750 79 
5751 79 
5752 79 
5753 78 
5754 77 
5755 78 
5756 79 
5757 79 
5758 79 
5759 78 
5760 77 
5761 76 
5762 77 
5763 78 
5764 78 
5765 77 
5766 76 
5767 75 
5768 75 
5769 76 
5770 77 
5771 77 
5772 76 
5773 75 
5774 74 
5775 75 
5776 76 
5777 77 
5778 77 
5779 76 
5780 75 
5781 75 
5782 75 
5783 76 
5784 77 
5785 78 
5786 77 
5787 76 
5788 76 
5789 76 
5790 78 
5791 78 
5792 79 
5793 78 
5794 77 
5795 77 
5796 78 
5797 79 
5798 79 
5799 79 
5800 78 
5801 77 
5802 78 
5803 78 
5804 79 
5805 79 
5806 78 
5807 77 
5808 77 
5809 77 
5810 78 
5811 78 
5812 78 
5813 77 
5814 76 
5815 76 
5816 76 
5817 77 
5818 77 
5819 77 
5820 76 
5821 75 
5822 75 
5823 76 
5824 77 
5825 77 
5826 76 
5827 75 
5828 75 
5829 75 
5830 76 
5831 77 
5832 78 
5833 77 
5834 76 
5835 76 
5836 76 
5837 77 
5838 78 
5839 78 
5840 77 
5841 77 
5842 77 
5843 77 
5844 79 
5845 79 
5846 79 
5847 78 
5848 77 
5849 77 
5850 78 
5851 79 
5852 79 
5853 78 
5854 77 
5855 77 
5856 77 
5857 77 
5858 78 
5859 78 
5860 77 
5861 76 
5862 76 
5863 76 
5864 77 
5865 77 
5866 77 
5867 76 
5868 75 
5869 75 
5870 76 
5871 77 
5872 77 
5873 76 
5874 76 
5875 75 
5876 76 
5877 77 
5878 77 
5879 77 
5880 77 
5881 76 
5882 76 
5883 76 
5884 78 
5885 78 
5886 78 
5887 77 
5888 77 
5889 77 
5890 77 
5891 79 
5892 79 
5893 79 
5894 78 
5895 77 
5896 77 
5897 78 
5898 79 
5899 79 
5900 78 
5901 77 
5902 76 
5903 76 
5904 77 
5905 78 
5906 78 
5907 77 
5908 76 
5909 76 
5910 76 
5911 77 
5912 77 
5913 77 
5914 76 
5915 75 
5916 75 
5917 75 
5918 76 
5919 77 
5920 77 
5921 76 
5922 75 
5923 75 
5924 76 
5925 77 
5926 77 
5927 77 
5928 76 
5929 76 
5930 76 
5931 77 
5932 78 
5933 78 
5934 78 
5935 77 
5936 77 
5937 78 
5938 79 
5939 79 
5940 79 
5941 78 
5942 77 
5943 77 
5944 78 
5945 79 
5946 79 
5947 78 
5948 77 
5949 77 
5950 77 
5951 77 
5952 78 
5953 78 
5954 77 
5955 76 
5956 76 
5957 76 
5958 77 
5959 77 
5960 77 
5961 76 
5962 75 
5963 75 
5964 75 
5965 76 
5966 77 
5967 76 
5968 76 
5969 75 
5970 75 
5971 75 
5972 77 
5973 77 
5974 77 
5975 76 
5976 76 
5977 76 
5978 77 
5979 78 
5980 78 
5981 78 
5982 77 
5983 77 
5984 77 
5985 78 
5986 79 
5987 79 
5988 78 
5989 78 
5990 78 
5991 78 
5992 79 
5993 79 
5994 79 
5995 78 
5996 77 
5997 77 
5998 78 
5999 78 
6000 78 
6001 78 
6002 77 
6003 77 
6004 75 
6005 77 
6006 79 
6007 80 
6008 79 
6009 77 
6010 76 
6011 77 
6012 79 
6013 80 
6014 78 
6015 75 
6016 73 
6017 72 
6018 73 
6019 75 
6020 76 
6021 75 
6022 73 
6023 72 
6024 73 
6025 75 
6026 77 
6027 78 
6028 76 
6029 74 
6030 74 
6031 76 
6032 78 
6033 79 
6034 79 
6035 77 
6036 76 
6037 77 
6038 79 
6039 81 
6040 81 
6041 79 
6042 78 
6043 78 
6044 79 
6045 81 
6046 81 
6047 80 
6048 78 
6049 78 
6050 78 
6051 79 
6052 80 
6053 79 
6054 77 
6055 76 
6056 76 
6057 77 
6058 77 
6059 77 
6060 76 
6061 75 
6062 74 
6063 75 
6064 75 
6065 75 
6066 75 
6067 74 
6068 74 
6069 74 
6070 75 
6071 75 
6072 75 
6073 75 
6074 75 
6075 75 
6076 76 
6077 76 
6078 76 
6079 76 
6080 76 
6081 77 
6082 79 
6083 79 
6084 78 
6085 78 
6086 78 
6087 79 
6088 80 
6089 81 
6090 81 
6091 79 
6092 78 
6093 79 
6094 80 
6095 81 
6096 81 
6097 79 
6098 77 
6099 77 
6100 78 
6101 79 
6102 80 
6103 78 
6104 76 
6105 74 
6106 75 
6107 76 
6108 77 
6109 77 
6110 75 
6111 73 
6112 72 
6113 74 
6114 76 
6115 76 
6116 75 
6117 73 
6118 72 
6119 73 
6120 75 
6121 77 
6122 77 
6123 75 
6124 74 
6125 74 
6126 76 
6127 79 
6128 80 
6129 78 
6130 76 
6131 76 
6132 77 
6133 80 
6134 82 
6135 81 
6136 79 
6137 78 
6138 78 
6139 80 
6140 82 
6141 82 
6142 81 
6143 78 
6144 77 
6145 78 
6146 79 
6147 81 
6148 80 
6149 77 
6150 76 
6151 75 
6152 76 
6153 78 
6154 78 
6155 76 
6156 74 
6157 73 
6158 74 
6159 75 
6160 76 
6161 75 
6162 74 
6163 73 
6164 73 
6165 74 
6166 75 
6167 76 
6168 75 
6169 74 
6170 74 
6171 76 
6172 77 
6173 77 
6174 77 
6175 76 
6176 76 
6177 77 
6178 79 
6179 79 
6180 79 
6181 79 
6182 79 
6183 79 
6184 80 
6185 81 
6186 80 
6187 80 
6188 79 
6189 79 
6190 80 
6191 80 
6192 79 
6193 78 
6194 78 
6195 78 
6196 78 
6197 78 
6198 78 
6199 76 
6200 75 
6201 75 
6202 76 
6203 77 
6204 76 
6205 75 
6206 73 
6207 73 
6208 74 
6209 76 
6210 76 
6211 75 
6212 73 
6213 73 
6214 74 
6215 76 
6216 77 
6217 77 
6218 76 
6219 74 
6220 74 
6221 76 
6222 79 
6223 79 
6224 78 
6225 77 
6226 76 
6227 77 
6228 80 
6229 81 
6230 81 
6231 79 
6232 78 
6233 78 
6234 79 
6235 81 
6236 82 
6237 80 
6238 78 
6239 77 
6240 78 
6241 79 
6242 80 
6243 79 
6244 77 
6245 75 
6246 75 
6247 77 
6248 78 
6249 78 
6250 76 
6251 74 
6252 73 
6253 74 
6254 76 
6255 77 
6256 76 
6257 74 
6258 73 
6259 73 
6260 75 
6261 77 
6262 77 
6263 76 
6264 74 
6265 74 
6266 75 
6267 77 
6268 79 
6269 78 
6270 77 
6271 76 
6272 77 
6273 78 
6274 80 
6275 80 
6276 79 
6277 78 
6278 78 
6279 79 
6280 80 
6281 80 
6282 80 
6283 79 
6284 78 
6285 78 
6286 79 
6287 79 
6288 79 
6289 77 
6290 77 
6291 77 
6292 77 
6293 78 
6294 77 
6295 76 
6296 75 
6297 75 
6298 76 
6299 76 
6300 76 
6301 75 
6302 74 
6303 74 
6304 75 
6305 76 
6306 76 
6307 75 
6308 75 
6309 75 
6310 76 
6311 77 
6312 77 
6313 76 
6314 76 
6315 76 
6316 77 
6317 78 
6318 79 
6319 78 
6320 77 
6321 77 
6322 78 
6323 79 
6324 80 
6325 80 
6326 79 
6327 77 
6328 77 
6329 79 
6330 80 
6331 80 
6332 79 
6333 77 
6334 76 
6335 77 
6336 79 
6337 80 
6338 79 
6339 76 
6340 74 
6341 74 
6342 76 
6343 78 
6344 78 
6345 76 
6346 74 
6347 73 
6348 74 
6349 76 
6350 77 
6351 77 
6352 75 
6353 73 
6354 74 
6355 76 
6356 78 
6357 78 
6358 76 
6359 75 
6360 74 
6361 76 
6362 78 
6363 79 
6364 79 
6365 77 
6366 76 
6367 77 
6368 79 
6369 80 
6370 81 
6371 79 
6372 77 
6373 77 
6374 78 
6375 80 
6376 81 
6377 80 
6378 78 
6379 76 
6380 77 
6381 78 
6382 79 
6383 79 
6384 77 
6385 76 
6386 75 
6387 76 
6388 77 
6389 77 
6390 76 
6391 75 
6392 74 
6393 75 
6394 76 
6395 76 
6396 76 
6397 75 
6398 74 
6399 75 
6400 76 
6401 76 
6402 76 
6403 76 
6404 75 
6405 76 
6406 76 
6407 77 
6408 77 
6409 77 
6410 77 
6411 77 
6412 78 
6413 79 
6414 79 
6415 78 
6416 78 
6417 78 
6418 79 
6419 79 
6420 80 
6421 79 
6422 78 
6423 77 
6424 78 
6425 79 
6426 79 
6427 79 
6428 77 
6429 77 
6430 77 
6431 78 
6432 78 
6433 78 
6434 76 
6435 75 
6436 75 
6437 76 
6438 77 
6439 77 
6440 76 
6441 74 
6442 74 
6443 75 
6444 77 
6445 77 
6446 77 
6447 75 
6448 74 
6449 74 
6450 76 
6451 78 
6452 78 
6453 77 
6454 75 
6455 75 
6456 76 
6457 78 
6458 80 
6459 79 
6460 77 
6461 76 
6462 76 
6463 78 
6464 80 
6465 80 
6466 79 
6467 77 
6468 76 
6469 77 
6470 79 
6471 80 
6472 79 
6473 77 
6474 76 
6475 76 
6476 78 
6477 79 
6478 79 
6479 77 
6480 75 
6481 75 
6482 76 
6483 78 
6484 78 
6485 77 
6486 75 
6487 74 
6488 75 
6489 77 
6490 78 
6491 77 
6492 76 
6493 75 
6494 75 
6495 76 
6496 77 
6497 78 
6498 77 
6499 76 
6500 75 
6501 76 
6502 77 
6503 78 
6504 78 
6505 77 
6506 76 
6507 76 
6508 78 
6509 79 
6510 79 
6511 78 
6512 77 
6513 77 
6514 77 
6515 78 
6516 78 
6517 78 
6518 77 
6519 77 
6520 77 
6521 78 
6522 78 
6523 77 
6524 77 
6525 76 
6526 77 
6527 77 
6528 78 
6529 77 
6530 76 
6531 76 
6532 76 
6533 77 
6534 78 
6535 77 
6536 76 
6537 75 
6538 76 
6539 77 
6540 78 
6541 78 
6542 77 
6543 76 
6544 76 
6545 77 
6546 78 
6547 78 
6548 77 
6549 76 
6550 76 
6551 76 
6552 78 
6553 79 
6554 78 
6555 77 
6556 76 
6557 76 
6558 78 
6559 79 
6560 79 
6561 77 
6562 76 
6563 75 
6564 77 
6565 78 
6566 79 
6567 78 
6568 76 
6569 75 
6570 75 
6571 77 
6572 79 
6573 79 
6574 77 
6575 75 
6576 75 
6577 76 
6578 78 
6579 79 
6580 78 
6581 76 
6582 75 
6583 75 
6584 77 
6585 79 
6586 79 
6587 77 
6588 75 
6589 75 
6590 77 
6591 79 
6592 79 
6593 78 
6594 76 
6595 75 
6596 76 
6597 78 
6598 79 
6599 79 
6600 77 
6601 76 
6602 76 
6603 77 
6604 78 
6605 78 
6606 77 
6607 76 
6608 75 
6609 76 
6610 77 
6611 78 
6612 78 
6613 76 
6614 75 
6615 75 
6616 77 
6617 78 
6618 78 
6619 77 
6620 76 
6621 75 
6622 76 
6623 77 
6624 78 
6625 77 
6626 76 
6627 76 
6628 77 
6629 78 
6630 78 
6631 78 
6632 77 
6633 77 
6634 77 
6635 78 
6636 78 
6637 78 
6638 77 
6639 77 
6640 77 
6641 78 
6642 78 
6643 78 
6644 77 
6645 77 
6646 77 
6647 77 
6648 78 
6649 78 
6650 77 
6651 76 
6652 76 
6653 76 
6654 77 
6655 78 
6656 77 
6657 75 
6658 75 
6659 76 
6660 77 
6661 78 
6662 77 
6663 76 
6664 75 
6665 75 
6666 76 
6667 78 
6668 78 
6669 77 
6670 75 
6671 75 
6672 76 
6673 78 
6674 79 
6675 78 
6676 77 
6677 76 
6678 77 
6679 78 
6680 80 
6681 79 
6682 78 
6683 76 
6684 76 
6685 78 
6686 80 
6687 80 
6688 79 
6689 77 
6690 76 
6691 77 
6692 78 
6693 79 
6694 79 
6695 77 
6696 75 
6697 75 
6698 76 
6699 78 
6700 78 
6701 77 
6702 75 
6703 74 
6704 75 
6705 77 
6706 78 
6707 77 
6708 76 
6709 74 
6710 74 
6711 76 
6712 77 
6713 78 
6714 77 
6715 75 
6716 75 
6717 76 
6718 77 
6719 78 
6720 78 
6721 77 
6722 76 
6723 77 
6724 78 
6725 79 
6726 79 
6727 78 
6728 77 
6729 77 
6730 78 
6731 79 
6732 80 
6733 79 
6734 78 
6735 77 
6736 78 
6737 79 
6738 79 
6739 78 
6740 77 
6741 76 
6742 76 
6743 77 
6744 78 
6745 77 
6746 76 
6747 76 
6748 75 
6749 76 
6750 77 
6751 76 
6752 76 
6753 75 
6754 75 
6755 75 
6756 76 
6757 76 
6758 76 
6759 75 
6760 75 
6761 76 
6762 77 
6763 77 
6764 77 
6765 76 
6766 76 
6767 77 
6768 78 
6769 79 
6770 78 
6771 77 
6772 77 
6773 77 
6774 78 
6775 80 
6776 80 
6777 79 
6778 77 
6779 77 
6780 78 
6781 79 
6782 80 
6783 79 
6784 77 
6785 76 
6786 77 
6787 78 
6788 79 
6789 78 
6790 77 
6791 75 
6792 75 
6793 76 
6794 77 
6795 78 
6796 76 
6797 75 
6798 74 
6799 75 
6800 76 
6801 77 
6802 77 
6803 75 
6804 74 
6805 74 
6806 76 
6807 77 
6808 78 
6809 77 
6810 75 
6811 75 
6812 76 
6813 78 
6814 79 
6815 79 
6816 77 
6817 76 
6818 76 
6819 78 
6820 80 
6821 80 
6822 79 
6823 77 
6824 77 
6825 78 
6826 79 
6827 80 
6828 80 
6829 78 
6830 77 
6831 77 
6832 78 
6833 79 
6834 79 
6835 77 
6836 76 
6837 75 
6838 76 
6839 77 
6840 77 
6841 76 
6842 75 
6843 74 
6844 75 
6845 76 
6846 76 
6847 76 
6848 75 
6849 74 
6850 75 
6851 76 
6852 77 
6853 77 
6854 76 
6855 75 
6856 76 
6857 77 
6858 78 
6859 78 
6860 78 
6861 77 
6862 77 
6863 78 
6864 79 
6865 79 
6866 79 
6867 78 
6868 78 
6869 78 
6870 79 
6871 80 
6872 79 
6873 78 
6874 78 
6875 78 
6876 79 
6877 79 
6878 79 
6879 77 
6880 76 
6881 76 
6882 77 
6883 78 
6884 77 
6885 76 
6886 75 
6887 75 
6888 75 
6889 76 
6890 77 
6891 76 
6892 74 
6893 73 
6894 74 
6895 76 
6896 77 
6897 76 
6898 75 
6899 74 
6900 74 
6901 76 
6902 78 
6903 78 
6904 77 
6905 76 
6906 76 
6907 77 
6908 78 
6909 80 
6910 80 
6911 78 
6912 77 
6913 77 
6914 79 
6915 80 
6916 81 
6917 80 
6918 78 
6919 77 
6920 78 
6921 80 
6922 80 
6923 80 
6924 78 
6925 76 
6926 76 
6927 78 
6928 79 
6929 78 
6930 77 
6931 75 
6932 74 
6933 75 
6934 77 
6935 77 
6936 76 
6937 74 
6938 73 
6939 74 
6940 75 
6941 76 
6942 76 
6943 75 
6944 74 
6945 74 
6946 75 
6947 77 
6948 77 
6949 77 
6950 76 
6951 75 
6952 76 
6953 78 
6954 79 
6955 79 
6956 78 
6957 77 
6958 78 
6959 79 
6960 80 
6961 80 
6962 79 
6963 79 
6964 78 
6965 79 
6966 80 
6967 80 
6968 79 
6969 78 
6970 78 
6971 78 
6972 79 
6973 79 
6974 78 
6975 77 
6976 76 
6977 76 
6978 77 
6979 77 
6980 76 
6981 75 
6982 75 
6983 74 
6984 75 
6985 76 
6986 76 
6987 75 
6988 74 
6989 74 
6990 75 
6991 76 
6992 76 
6993 76 
6994 75 
6995 75 
6996 76 
6997 77 
6998 78 
6999 77 
7000 77 
7001 76 
7002 77 
7003 78 
7004 80 
7005 80 
7006 78 
7007 78 
7008 78 
7009 79 
7010 80 
7011 81 
7012 80 
7013 78 
7014 77 
7015 78 
7016 79 
7017 80 
7018 79 
7019 78 
7020 76 
7021 76 
7022 77 
7023 78 
7024 78 
7025 77 
7026 75 
7027 74 
7028 75 
7029 76 
7030 77 
7031 76 
7032 74 
7033 73 
7034 73 
7035 75 
7036 76 
7037 76 
7038 75 
7039 74 
7040 74 
7041 75 
7042 77 
7043 78 
7044 77 
7045 76 
7046 75 
7047 76 
7048 78 
7049 79 
7050 79 
7051 78 
7052 77 
7053 77 
7054 79 
7055 80 
7056 81 
7057 80 
7058 78 
7059 78 
7060 78 
7061 79 
7062 80 
7063 80 
7064 78 
7065 77 
7066 77 
7067 78 
7068 78 
7069 78 
7070 77 
7071 76 
7072 75 
7073 76 
7074 77 
7075 77 
7076 76 
7077 75 
7078 74 
7079 75 
7080 75 
7081 76 
7082 76 
7083 75 
7084 74 
7085 75 
7086 76 
7087 76 
7088 76 
7089 76 
7090 75 
7091 76 
7092 77 
7093 78 
7094 78 
7095 77 
7096 77 
7097 77 
7098 78 
7099 79 
7100 80 
7101 79 
7102 78 
7103 78 
7104 78 
7105 79 
7106 80 
7107 79 
7108 78 
7109 77 
7110 78 
7111 78 
7112 79 
7113 79 
7114 77 
7115 76 
7116 76 
7117 77 
7118 78 
7119 78 
7120 76 
7121 75 
7122 74 
7123 75 
7124 76 
7125 77 
7126 76 
7127 75 
7128 74 
7129 74 
7130 76 
7131 77 
7132 77 
7133 76 
7134 75 
7135 74 
7136 76 
7137 77 
7138 78 
7139 78 
7140 76 
7141 76 
7142 76 
7143 78 
7144 80 
7145 80 
7146 78 
7147 77 
7148 77 
7149 78 
7150 80 
7151 80 
7152 79 
7153 78 
7154 77 
7155 77 
7156 79 
7157 80 
7158 79 
7159 78 
7160 76 
7161 76 
7162 77 
7163 78 
7164 78 
7165 77 
7166 75 
7167 75 
7168 75 
7169 76 
7170 77 
7171 76 
7172 75 
7173 74 
7174 74 
7175 76 
7176 77 
7177 77 
7178 76 
7179 75 
7180 75 
7181 76 
7182 77 
7183 78 
7184 77 
7185 76 
7186 76 
7187 77 
7188 78 
7189 79 
7190 79 
7191 78 
7192 77 
7193 78 
7194 78 
7195 79 
7196 79 
7197 78 
7198 78 
7199 78 
7200 78 
7201 79 
7202 79 
7203 78 
7204 77 
7205 77 
7206 77 
7207 78 
7208 78 
7209 77 
7210 76 
7211 76 
7212 76 
7213 77 
7214 77 
7215 76 
7216 75 
7217 75 
7218 75 
7219 76 
7220 77 
7221 77 
7222 76 
7223 75 
7224 75 
7225 76 
7226 77 
7227 78 
7228 77 
7229 76 
7230 75 
7231 76 
7232 78 
7233 79 
7234 78 
7235 77 
7236 77 
7237 77 
7238 78 
7239 79 
7240 80 
7241 78 
7242 77 
7243 77 
7244 78 
7245 79 
7246 80 
7247 79 
7248 77 
7249 76 
7250 77 
7251 78 
7252 79 
7253 79 
7254 77 
7255 75 
7256 75 
7257 76 
7258 78 
7259 78 
7260 77 
7261 75 
7262 74 
7263 75 
7264 76 
7265 77 
7266 77 
7267 76 
7268 74 
7269 75 
7270 76 
7271 77 
7272 78 
7273 77 
7274 76 
7275 75 
7276 76 
7277 78 
7278 79 
7279 78 
7280 77 
7281 76 
7282 77 
7283 78 
7284 79 
7285 79 
7286 78 
7287 77 
7288 77 
7289 78 
7290 79 
7291 79 
7292 79 
7293 77 
7294 77 
7295 77 
7296 78 
7297 79 
7298 78 
7299 77 
7300 76 
7301 76 
7302 77 
7303 77 
7304 77 
7305 76 
7306 75 
7307 75 
7308 76 
7309 76 
7310 77 
7311 76 
7312 75 
7313 75 
7314 76 
7315 76 
7316 77 
7317 77 
7318 76 
7319 76 
7320 76 
7321 77 
7322 78 
7323 78 
7324 77 
7325 76 
7326 77 
7327 78 
7328 79 
7329 79 
7330 78 
7331 77 
7332 77 
7333 78 
7334 79 
7335 79 
7336 78 
7337 77 
7338 77 
7339 77 
7340 78 
7341 79 
7342 78 
7343 77 
7344 76 
7345 76 
7346 77 
7347 78 
7348 78 
7349 77 
7350 75 
7351 75 
7352 76 
7353 77 
7354 78 
7355 77 
7356 75 
7357 75 
7358 75 
7359 77 
7360 78 
7361 78 
7362 76 
7363 75 
7364 75 
7365 76 
7366 78 
7367 78 
7368 77 
7369 76 
7370 76 
7371 76 
7372 78 
7373 79 
7374 79 
7375 77 
7376 76 
7377 76 
7378 78 
7379 79 
7380 79 
7381 78 
7382 77 
7383 76 
7384 77 
7385 78 
7386 79 
7387 78 
7388 77 
7389 76 
7390 76 
7391 77 
7392 78 
7393 78 
7394 77 
7395 76 
7396 75 
7397 76 
7398 77 
7399 78 
7400 77 
7401 76 
7402 75 
7403 76 
7404 77 
7405 78 
7406 77 
7407 76 
7408 76 
7409 76 
7410 77 
7411 78 
7412 78 
7413 77 
7414 76 
7415 76 
7416 77 
7417 78 
7418 79 
7419 78 
7420 77 
7421 77 
7422 77 
7423 78 
7424 79 
7425 78 
7426 77 
7427 77 
7428 77 
7429 77 
7430 78 
7431 78 
7432 77 
7433 76 
7434 76 
7435 77 
7436 77 
7437 77 
7438 77 
7439 76 
7440 76 
7441 76 
7442 77 
7443 77 
7444 77 
7445 76 
7446 75 
7447 76 
7448 77 
7449 78 
7450 77 
7451 76 
7452 76 
7453 76 
7454 77 
7455 78 
7456 78 
7457 77 
7458 76 
7459 76 
7460 77 
7461 78 
7462 79 
7463 78 
7464 77 
7465 77 
7466 77 
7467 78 
7468 79 
7469 79 
7470 78 
7471 77 
7472 76 
7473 77 
7474 78 
7475 79 
7476 78 
7477 76 
7478 75 
7479 76 
7480 77 
7481 78 
7482 77 
7483 76 
7484 75 
7485 75 
7486 76 
7487 77 
7488 77 
7489 76 
7490 75 
7491 74 
7492 75 
7493 77 
7494 78 
7495 77 
7496 76 
7497 75 
7498 76 
7499 77 
7500 78 
7501 79 
7502 77 
7503 76 
7504 76 
7505 77 
7506 79 
7507 79 
7508 79 
7509 77 
7510 77 
7511 77 
7512 79 
7513 79 
7514 79 
7515 78 
7516 77 
7517 77 
7518 78 
7519 78 
7520 78 
7521 78 
7522 76 
7523 76 
7524 76 
7525 77 
7526 78 
7527 77 
7528 76 
7529 75 
7530 75 
7531 76 
7532 77 
7533 76 
7534 76 
7535 75 
7536 75 
7537 76 
7538 77 
7539 77 
7540 76 
7541 75 
7542 76 
7543 76 
7544 77 
7545 78 
7546 77 
7547 77 
7548 77 
7549 77 
7550 78 
7551 79 
7552 78 
7553 78 
7554 77 
7555 78 
7556 79 
7557 79 
7558 79 
7559 78 
7560 77 
7561 77 
7562 78 
7563 79 
7564 79 
7565 78 
7566 77 
7567 76 
7568 77 
7569 78 
7570 78 
7571 77 
7572 76 
7573 75 
7574 75 
7575 76 
7576 77 
7577 77 
7578 76 
7579 74 
7580 74 
7581 75 
7582 77 
7583 77 
7584 76 
7585 75 
7586 74 
7587 75 
7588 77 
7589 78 
7590 78 
7591 77 
7592 76 
7593 76 
7594 77 
7595 79 
7596 79 
7597 78 
7598 77 
7599 77 
7600 78 
7601 79 
7602 80 
7603 79 
7604 78 
7605 77 
7606 77 
7607 79 
7608 80 
7609 79 
7610 78 
7611 77 
7612 76 
7613 77 
7614 78 
7615 78 
7616 77 
7617 76 
7618 75 
7619 75 
7620 77 
7621 77 
7622 77 
7623 76 
7624 75 
7625 74 
7626 75 
7627 76 
7628 77 
7629 76 
7630 75 
7631 75 
7632 75 
7633 76 
7634 77 
7635 77 
7636 76 
7637 76 
7638 76 
7639 77 
7640 78 
7641 78 
7642 78 
7643 77 
7644 77 
7645 78 
7646 79 
7647 79 
7648 79 
7649 78 
7650 78 
7651 78 
7652 79 
7653 79 
7654 79 
7655 78 
7656 77 
7657 77 
7658 78 
7659 78 
7660 78 
7661 77 
7662 76 
7663 76 
7664 77 
7665 77 
7666 77 
7667 76 
7668 75 
7669 75 
7670 75 
7671 76 
7672 76 
7673 76 
7674 75 
7675 74 
7676 75 
7677 76 
7678 77 
7679 76 
7680 76 
7681 75 
7682 76 
7683 77 
7684 78 
7685 78 
7686 77 
7687 76 
7688 77 
7689 78 
7690 79 
7691 79 
7692 79 
7693 78 
7694 77 
7695 78 
7696 79 
7697 80 
7698 80 
7699 78 
7700 77 
7701 77 
7702 78 
7703 79 
7704 79 
7705 78 
7706 76 
7707 76 
7708 76 
7709 78 
7710 78 
7711 77 
7712 76 
7713 75 
7714 75 
7715 76 
7716 77 
7717 77 
7718 75 
7719 74 
7720 74 
7721 75 
7722 76 
7723 77 
7724 76 
7725 75 
7726 75 
7727 75 
7728 77 
7729 78 
7730 78 
7731 77 
7732 76 
7733 76 
7734 78 
7735 79 
7736 79 
7737 78 
7738 77 
7739 77 
7740 78 
7741 79 
7742 80 
7743 79 
7744 78 
7745 78 
7746 78 
7747 79 
7748 79 
7749 79 
7750 78 
7751 77 
7752 77 
7753 77 
7754 78 
7755 78 
7756 77 
7757 76 
7758 75 
7759 76 
7760 76 
7761 76 
7762 76 
7763 75 
7764 74 
7765 75 
7766 76 
7767 76 
7768 76 
7769 75 
7770 75 
7771 75 
7772 76 
7773 77 
7774 77 
7775 77 
7776 76 
7777 76 
7778 77 
7779 78 
7780 79 
7781 78 
7782 77 
7783 77 
7784 78 
7785 79 
7786 80 
7787 79 
7788 78 
7789 78 
7790 78 
7791 79 
7792 80 
7793 79 
7794 78 
7795 77 
7796 77 
7797 78 
7798 78 
7799 78 
7800 77 
7801 76 
7802 75 
7803 76 
7804 77 
7805 77 
7806 77 
7807 75 
7808 74 
7809 74 
7810 75 
7811 76 
7812 76 
7813 75 
7814 74 
7815 74 
7816 75 
7817 76 
7818 77 
7819 77 
7820 76 
7821 75 
7822 76 
7823 77 
7824 78 
7825 78 
7826 77 
7827 77 
7828 77 
7829 78 
7830 79 
7831 80 
7832 79 
7833 78 
7834 78 
7835 78 
7836 79 
7837 80 
7838 80 
7839 78 
7840 77 
7841 77 
7842 78 
7843 79 
7844 79 
7845 78 
7846 76 
7847 76 
7848 76 
7849 77 
7850 78 
7851 77 
7852 75 
7853 75 
7854 75 
7855 76 
7856 76 
7857 76 
7858 75 
7859 74 
7860 74 
7861 75 
7862 76 
7863 77 
7864 76 
7865 75 
7866 75 
7867 76 
7868 77 
7869 78 
7870 77 
7871 77 
7872 76 
7873 77 
7874 78 
7875 79 
7876 79 
7877 78 
7878 78 
7879 78 
7880 79 
7881 80 
7882 80 
7883 79 
7884 78 
7885 78 
7886 78 
7887 79 
7888 79 
7889 78 
7890 77 
7891 77 
7892 77 
7893 78 
7894 78 
7895 77 
7896 76 
7897 75 
7898 75 
7899 76 
7900 77 
7901 76 
7902 75 
7903 74 
7904 74 
7905 75 
7906 76 
7907 76 
7908 76 
7909 75 
7910 75 
7911 75 
7912 77 
7913 77 
7914 77 
7915 76 
7916 76 
7917 76 
7918 77 
7919 78 
7920 79 
7921 78 
7922 77 
7923 77 
7924 78 
7925 79 
7926 80 
7927 79 
7928 78 
7929 77 
7930 78 
7931 79 
7932 80 
7933 79 
7934 78 
7935 77 
7936 77 
7937 77 
7938 78 
7939 79 
7940 78 
7941 76 
7942 75 
7943 76 
7944 77 
7945 77 
7946 77 
7947 76 
7948 74 
7949 74 
7950 75 
7951 76 
7952 77 
7953 76 
7954 75 
7955 74 
7956 75 
7957 77 
7958 77 
7959 77 
7960 76 
7961 75 
7962 76 
7963 77 
7964 78 
7965 78 
7966 77 
7967 77 
7968 77 
7969 78 
7970 79 
7971 79 
7972 79 
7973 78 
7974 77 
7975 78 
7976 79 
7977 79 
7978 79 
7979 78 
7980 77 
7981 77 
7982 78 
7983 78 
7984 78 
7985 77 
7986 76 
7987 76 
7988 77 
7989 77 
7990 77 
7991 76 
7992 75 
7993 75 
7994 75 
7995 76 
7996 76 
7997 76 
7998 75 
7999 75 
8000 75 
8001 76 
8002 77 
8003 78 
8004 74 
8005 75 
8006 78 
8007 80 
8008 80 
8009 78 
8010 78 
8011 79 
8012 81 
8013 81 
8014 79 
8015 77 
8016 76 
8017 77 
8018 77 
8019 76 
8020 75 
8021 75 
8022 76 
8023 77 
8024 77 
8025 76 
8026 75 
8027 75 
8028 77 
8029 78 
8030 77 
8031 75 
8032 74 
8033 76 
8034 79 
8035 79 
8036 77 
8037 75 
8038 74 
8039 77 
8040 80 
8041 80 
8042 78 
8043 75 
8044 75 
8045 77 
8046 80 
8047 80 
8048 77 
8049 75 
8050 75 
8051 77 
8052 80 
8053 79 
8054 77 
8055 75 
8056 75 
8057 77 
8058 79 
8059 78 
8060 76 
8061 75 
8062 76 
8063 77 
8064 78 
8065 77 
8066 76 
8067 76 
8068 77 
8069 78 
8070 77 
8071 76 
8072 76 
8073 77 
8074 79 
8075 78 
8076 77 
8077 76 
8078 77 
8079 79 
8080 80 
8081 79 
8082 76 
8083 75 
8084 77 
8085 79 
8086 80 
8087 78 
8088 75 
8089 75 
8090 77 
8091 79 
8092 80 
8093 77 
8094 74 
8095 74 
8096 76 
8097 79 
8098 79 
8099 76 
8100 74 
8101 74 
8102 76 
8103 78 
8104 78 
8105 75 
8106 74 
8107 75 
8108 77 
8109 79 
8110 78 
8111 76 
8112 75 
8113 77 
8114 79 
8115 79 
8116 78 
8117 77 
8118 77 
8119 78 
8120 80 
8121 79 
8122 78 
8123 77 
8124 78 
8125 79 
8126 79 
8127 78 
8128 77 
8129 77 
8130 78 
8131 79 
8132 78 
8133 76 
8134 75 
8135 76 
8136 78 
8137 78 
8138 76 
8139 74 
8140 73 
8141 75 
8142 78 
8143 78 
8144 75 
8145 73 
8146 73 
8147 76 
8148 79 
8149 78 
8150 75 
8151 73 
8152 74 
8153 78 
8154 80 
8155 80 
8156 77 
8157 75 
8158 76 
8159 79 
8160 81 
8161 80 
8162 78 
8163 77 
8164 78 
8165 80 
8166 81 
8167 79 
8168 78 
8169 77 
8170 78 
8171 79 
8172 78 
8173 77 
8174 76 
8175 77 
8176 78 
8177 77 
8178 75 
8179 74 
8180 75 
8181 76 
8182 77 
8183 76 
8184 73 
8185 73 
8186 74 
8187 77 
8188 77 
8189 75 
8190 73 
8191 73 
8192 76 
8193 79 
8194 79 
8195 77 
8196 75 
8197 75 
8198 78 
8199 81 
8200 80 
8201 78 
8202 76 
8203 77 
8204 80 
8205 82 
8206 81 
8207 78 
8208 77 
8209 78 
8210 80 
8211 81 
8212 79 
8213 77 
8214 76 
8215 77 
8216 79 
8217 78 
8218 77 
8219 75 
8220 75 
8221 76 
8222 77 
8223 76 
8224 74 
8225 74 
8226 75 
8227 76 
8228 76 
8229 75 
8230 74 
8231 74 
8232 76 
8233 77 
8234 77 
8235 75 
8236 75 
8237 76 
8238 79 
8239 79 
8240 78 
8241 76 
8242 76 
8243 79 
8244 81 
8245 81 
8246 78 
8247 77 
8248 78 
8249 80 
8250 82 
8251 81 
8252 78 
8253 76 
8254 77 
8255 80 
8256 81 
8257 79 
8258 76 
8259 74 
8260 75 
8261 78 
8262 79 
8263 77 
8264 74 
8265 73 
8266 74 
8267 76 
8268 76 
8269 75 
8270 73 
8271 73 
8272 75 
8273 76 
8274 76 
8275 75 
8276 75 
8277 76 
8278 77 
8279 78 
8280 77 
8281 76 
8282 77 
8283 79 
8284 80 
8285 79 
8286 77 
8287 77 
8288 79 
8289 81 
8290 81 
8291 79 
8292 77 
8293 77 
8294 79 
8295 81 
8296 80 
8297 77 
8298 75 
8299 75 
8300 78 
8301 80 
8302 78 
8303 75 
8304 73 
8305 74 
8306 77 
8307 78 
8308 76 
8309 74 
8310 72 
8311 74 
8312 76 
8313 77 
8314 76 
8315 74 
8316 74 
8317 75 
8318 77 
8319 78 
8320 76 
8321 75 
8322 76 
8323 78 
8324 79 
8325 79 
8326 77 
8327 77 
8328 79 
8329 80 
8330 80 
8331 79 
8332 78 
8333 78 
8334 80 
8335 80 
8336 79 
8337 77 
8338 77 
8339 78 
8340 79 
8341 79 
8342 77 
8343 75 
8344 75 
8345 77 
8346 78 
8347 77 
8348 75 
8349 73 
8350 74 
8351 76 
8352 78 
8353 76 
8354 74 
8355 72 
8356 74 
8357 77 
8358 78 
8359 77 
8360 74 
8361 74 
8362 76 
8363 79 
8364 79 
8365 78 
8366 75 
8367 76 
8368 78 
8369 80 
8370 80 
8371 79 
8372 77 
8373 77 
8374 79 
8375 80 
8376 80 
8377 78 
8378 77 
8379 78 
8380 79 
8381 79 
8382 78 
8383 77 
8384 77 
8385 78 
8386 78 
8387 77 
8388 75 
8389 75 
8390 76 
8391 78 
8392 77 
8393 75 
8394 73 
8395 74 
8396 76 
8397 78 
8398 77 
8399 75 
8400 73 
8401 75 
8402 78 
8403 79 
8404 78 
8405 75 
8406 74 
8407 76 
8408 79 
8409 80 
8410 79 
8411 76 
8412 75 
8413 77 
8414 80 
8415 80 
8416 78 
8417 76 
8418 76 
8419 78 
8420 79 
8421 79 
8422 77 
8423 76 
8424 76 
8425 78 
8426 78 
8427 77 
8428 76 
8429 75 
8430 76 
8431 78 
8432 77 
8433 76 
8434 75 
8435 76 
8436 77 
8437 78 
8438 77 
8439 75 
8440 75 
8441 77 
8442 78 
8443 78 
8444 77 
8445 75 
8446 76 
8447 78 
8448 79 
8449 79 
8450 76 
8451 75 
8452 76 
8453 79 
8454 80 
8455 78 
8456 76 
8457 75 
8458 77 
8459 79 
8460 80 
8461 77 
8462 75 
8463 75 
8464 77 
8465 79 
8466 79 
8467 76 
8468 74 
8469 75 
8470 77 
8471 78 
8472 78 
8473 76 
8474 74 
8475 75 
8476 77 
8477 79 
8478 78 
8479 76 
8480 76 
8481 77 
8482 78 
8483 79 
8484 78 
8485 77 
8486 77 
8487 78 
8488 79 
8489 78 
8490 77 
8491 77 
8492 78 
8493 79 
8494 79 
8495 77 
8496 76 
8497 76 
8498 78 
8499 79 
8500 78 
8501 75 
8502 74 
8503 75 
8504 78 
8505 79 
8506 77 
8507 74 
8508 73 
8509 75 
8510 78 
8511 78 
8512 76 
8513 74 
8514 73 
8515 76 
8516 78 
8517 79 
8518 77 
8519 75 
8520 75 
8521 78 
8522 80 
8523 79 
8524 78 
8525 76 
8526 77 
8527 79 
8528 80 
8529 79 
8530 78 
8531 77 
8532 78 
8533 80 
8534 79 
8535 78 
8536 77 
8537 77 
8538 78 
8539 79 
8540 77 
8541 76 
8542 75 
8543 76 
8544 78 
8545 77 
8546 75 
8547 74 
8548 74 
8549 76 
8550 77 
8551 76 
8552 74 
8553 73 
8554 74 
8555 77 
8556 78 
8557 76 
8558 74 
8559 74 
8560 76 
8561 79 
8562 79 
8563 77 
8564 76 
8565 76 
8566 78 
8567 81 
8568 81 
8569 78 
8570 77 
8571 78 
8572 80 
8573 81 
8574 81 
8575 78 
8576 77 
8577 78 
8578 80 
8579 80 
8580 79 
8581 77 
8582 76 
8583 77 
8584 78 
8585 78 
8586 76 
8587 75 
8588 75 
8589 76 
8590 76 
8591 75 
8592 74 
8593 73 
8594 75 
8595 76 
8596 76 
8597 74 
8598 73 
8599 74 
8600 77 
8601 78 
8602 77 
8603 75 
8604 75 
8605 77 
8606 79 
8607 80 
8608 78 
8609 76 
8610 77 
8611 79 
8612 82 
8613 82 
8614 79 
8615 77 
8616 77 
8617 80 
8618 82 
8619 81 
8620 78 
8621 76 
8622 77 
8623 79 
8624 80 
8625 79 
8626 76 
8627 75 
8628 75 
8629 77 
8630 77 
8631 76 
8632 74 
8633 73 
8634 74 
8635 76 
8636 75 
8637 74 
8638 73 
8639 74 
8640 75 
8641 76 
8642 75 
8643 75 
8644 75 
8645 76 
8646 78 
8647 78 
8648 77 
8649 76 
8650 77 
8651 79 
8652 80 
8653 80 
8654 78 
8655 77 
8656 79 
8657 81 
8658 82 
8659 80 
8660 77 
8661 77 
8662 79 
8663 81 
8664 80 
8665 78 
8666 76 
8667 76 
8668 78 
8669 79 
8670 78 
8671 76 
8672 74 
8673 74 
8674 76 
8675 77 
8676 76 
8677 74 
8678 73 
8679 74 
8680 76 
8681 77 
8682 75 
8683 74 
8684 74 
8685 76 
8686 77 
8687 77 
8688 76 
8689 75 
8690 76 
8691 78 
8692 79 
8693 78 
8694 77 
8695 77 
8696 79 
8697 80 
8698 80 
8699 79 
8700 78 
8701 78 
8702 80 
8703 80 
8704 79 
8705 77 
8706 77 
8707 78 
8708 80 
8709 79 
8710 77 
8711 75 
8712 75 
8713 77 
8714 79 
8715 78 
8716 75 
8717 73 
8718 74 
8719 76 
8720 78 
8721 77 
8722 74 
8723 73 
8724 74 
8725 77 
8726 78 
8727 77 
8728 75 
8729 74 
8730 76 
8731 78 
8732 79 
8733 78 
8734 76 
8735 76 
8736 78 
8737 79 
8738 79 
8739 78 
8740 77 
8741 78 
8742 79 
8743 79 
8744 78 
8745 77 
8746 77 
8747 78 
8748 79 
8749 78 
8750 77 
8751 76 
8752 77 
8753 78 
8754 78 
8755 77 
8756 75 
8757 74 
8758 76 
8759 78 
8760 78 
8761 76 
8762 74 
8763 74 
8764 76 
8765 78 
8766 78 
8767 76 
8768 74 
8769 75 
8770 77 
8771 79 
8772 78 
8773 76 
8774 75 
8775 76 
8776 79 
8777 80 
8778 79 
8779 77 
8780 76 
8781 77 
8782 79 
8783 79 
8784 78 
8785 76 
8786 76 
8787 78 
8788 79 
8789 78 
8790 77 
8791 76 
8792 76 
8793 78 
8794 78 
8795 77 
8796 75 
8797 75 
8798 76 
8799 77 
8800 77 
8801 76 
8802 75 
8803 76 
8804 77 
8805 78 
8806 77 
8807 76 
8808 76 
8809 77 
8810 79 
8811 79 
8812 77 
8813 76 
8814 76 
8815 78 
8816 80 
8817 79 
8818 77 
8819 76 
8820 77 
8821 79 
8822 80 
8823 79 
8824 76 
8825 75 
8826 76 
8827 79 
8828 79 
8829 77 
8830 75 
8831 74 
8832 76 
8833 78 
8834 78 
8835 76 
8836 74 
8837 74 
8838 76 
8839 77 
8840 77 
8841 76 
8842 75 
8843 75 
8844 77 
8845 78 
8846 77 
8847 76 
8848 76 
8849 77 
8850 78 
8851 78 
8852 77 
8853 77 
8854 78 
8855 79 
8856 80 
8857 78 
8858 77 
8859 77 
8860 79 
8861 80 
8862 80 
8863 78 
8864 76 
8865 76 
8866 78 
8867 79 
8868 78 
8869 76 
8870 74 
8871 75 
8872 77 
8873 78 
8874 77 
8875 75 
8876 73 
8877 75 
8878 77 
8879 78 
8880 76 
8881 74 
8882 74 
8883 75 
8884 77 
8885 78 
8886 76 
8887 75 
8888 76 
8889 77 
8890 79 
8891 78 
8892 77 
8893 76 
8894 77 
8895 79 
8896 80 
8897 79 
8898 78 
8899 78 
8900 79 
8901 80 
8902 79 
8903 78 
8904 77 
8905 78 
8906 79 
8907 79 
8908 78 
8909 76 
8910 76 
8911 77 
8912 78 
8913 78 
8914 76 
8915 74 
8916 74 
8917 76 
8918 77 
8919 76 
8920 74 
8921 73 
8922 74 
8923 77 
8924 78 
8925 76 
8926 74 
8927 74 
8928 76 
8929 78 
8930 79 
8931 77 
8932 76 
8933 76 
8934 78 
8935 80 
8936 80 
8937 78 
8938 77 
8939 77 
8940 79 
8941 81 
8942 80 
8943 78 
8944 77 
8945 78 
8946 79 
8947 79 
8948 78 
8949 77 
8950 76 
8951 77 
8952 78 
8953 77 
8954 76 
8955 75 
8956 75 
8957 77 
8958 77 
8959 75 
8960 74 
8961 74 
8962 75 
8963 77 
8964 76 
8965 74 
8966 73 
8967 74 
8968 77 
8969 78 
8970 77 
8971 75 
8972 75 
8973 76 
8974 79 
8975 80 
8976 79 
8977 77 
8978 76 
8979 78 
8980 81 
8981 81 
8982 79 
8983 77 
8984 77 
8985 79 
8986 81 
8987 80 
8988 78 
8989 77 
8990 77 
8991 78 
8992 79 
8993 78 
8994 76 
8995 75 
8996 76 
8997 77 
8998 77 
8999 76 
9000 74 
9001 74 
9002 75 
9003 76 
9004 76 
9005 74 
9006 74 
9007 75 
9008 76 
9009 77 
9010 76 
9011 75 
9012 75 
9013 77 
9014 78 
9015 78 
9016 77 
9017 76 
9018 77 
9019 79 
9020 80 
9021 80 
9022 78 
9023 77 
9024 78 
9025 80 
9026 81 
9027 79 
9028 77 
9029 77 
9030 78 
9031 80 
9032 80 
9033 77 
9034 75 
9035 75 
9036 77 
9037 78 
9038 78 
9039 75 
9040 74 
9041 74 
9042 76 
9043 77 
9044 76 
9045 74 
9046 73 
9047 75 
9048 76 
9049 77 
9050 76 
9051 75 
9052 75 
9053 76 
9054 78 
9055 77 
9056 77 
9057 76 
9058 77 
9059 79 
9060 79 
9061 78 
9062 77 
9063 78 
9064 79 
9065 80 
9066 80 
9067 78 
9068 77 
9069 78 
9070 80 
9071 80 
9072 79 
9073 76 
9074 76 
9075 77 
9076 79 
9077 79 
9078 77 
9079 75 
9080 74 
9081 76 
9082 78 
9083 77 
9084 75 
9085 73 
9086 74 
9087 76 
9088 77 
9089 77 
9090 75 
9091 74 
9092 75 
9093 77 
9094 78 
9095 77 
9096 76 
9097 75 
9098 77 
9099 78 
9100 79 
9101 78 
9102 77 
9103 77 
9104 79 
9105 80 
9106 79 
9107 78 
9108 77 
9109 78 
9110 79 
9111 80 
9112 78 
9113 77 
9114 77 
9115 78 
9116 79 
9117 78 
9118 76 
9119 75 
9120 76 
9121 77 
9122 78 
9123 76 
9124 74 
9125 74 
9126 75 
9127 77 
9128 77 
9129 76 
9130 74 
9131 74 
9132 76 
9133 78 
9134 78 
9135 76 
9136 75 
9137 75 
9138 78 
9139 79 
9140 79 
9141 77 
9142 76 
9143 77 
9144 79 
9145 80 
9146 79 
9147 77 
9148 77 
9149 78 
9150 80 
9151 80 
9152 78 
9153 77 
9154 77 
9155 78 
9156 79 
9157 78 
9158 77 
9159 76 
9160 76 
9161 77 
9162 77 
9163 76 
9164 75 
9165 75 
9166 76 
9167 77 
9168 76 
9169 75 
9170 74 
9171 75 
9172 77 
9173 78 
9174 77 
9175 75 
9176 75 
9177 77 
9178 79 
9179 79 
9180 77 
9181 75 
9182 76 
9183 78 
9184 80 
9185 80 
9186 78 
9187 76 
9188 77 
9189 79 
9190 80 
9191 79 
9192 77 
9193 76 
9194 77 
9195 78 
9196 79 
9197 78 
9198 76 
9199 75 
9200 76 
9201 78 
9202 78 
9203 76 
9204 75 
9205 75 
9206 76 
9207 77 
9208 76 
9209 75 
9210 75 
9211 76 
9212 77 
9213 77 
9214 76 
9215 75 
9216 76 
9217 77 
9218 78 
9219 78 
9220 76 
9221 76 
9222 77 
9223 79 
9224 80 
9225 78 
9226 77 
9227 76 
9228 78 
9229 80 
9230 80 
9231 78 
9232 76 
9233 76 
9234 78 
9235 79 
9236 78 
9237 76 
9238 75 
9239 76 
9240 77 
9241 78 
9242 77 
9243 75 
9244 74 
9245 75 
9246 77 
9247 78 
9248 76 
9249 75 
9250 74 
9251 76 
9252 78 
9253 78 
9254 76 
9255 75 
9256 76 
9257 78 
9258 79 
9259 78 
9260 77 
9261 76 
9262 78 
9263 79 
9264 79 
9265 78 
9266 77 
9267 77 
9268 79 
9269 80 
9270 79 
9271 77 
9272 77 
9273 77 
9274 79 
9275 79 
9276 77 
9277 76 
9278 75 
9279 77 
9280 78 
9281 77 
9282 76 
9283 74 
9284 74 
9285 76 
9286 78 
9287 77 
9288 75 
9289 73 
9290 74 
9291 77 
9292 78 
9293 77 
9294 75 
9295 75 
9296 76 
9297 78 
9298 79 
9299 78 
9300 76 
9301 76 
9302 78 
9303 80 
9304 80 
9305 78 
9306 77 
9307 78 
9308 79 
9309 80 
9310 79 
9311 78 
9312 77 
9313 78 
9314 79 
9315 79 
9316 77 
9317 76 
9318 76 
9319 77 
9320 78 
9321 77 
9322 75 
9323 74 
9324 75 
9325 77 
9326 77 
9327 75 
9328 74 
9329 74 
9330 75 
9331 77 
9332 77 
9333 75 
9334 74 
9335 75 
9336 77 
9337 78 
9338 78 
9339 76 
9340 75 
9341 77 
9342 79 
9343 80 
9344 79 
9345 77 
9346 77 
9347 78 
9348 80 
9349 81 
9350 79 
9351 78 
9352 78 
9353 79 
9354 80 
9355 80 
9356 78 
9357 76 
9358 77 
9359 78 
9360 78 
9361 77 
9362 76 
9363 75 
9364 76 
9365 77 
9366 77 
9367 75 
9368 74 
9369 74 
9370 75 
9371 76 
9372 75 
9373 74 
9374 74 
9375 75 
9376 77 
9377 77 
9378 76 
9379 75 
9380 75 
9381 77 
9382 79 
9383 79 
9384 77 
9385 76 
9386 77 
9387 79 
9388 81 
9389 80 
9390 78 
9391 77 
9392 78 
9393 80 
9394 81 
9395 79 
9396 77 
9397 77 
9398 78 
9399 79 
9400 79 
9401 77 
9402 75 
9403 75 
9404 77 
9405 78 
9406 77 
9407 75 
9408 74 
9409 74 
9410 76 
9411 76 
9412 76 
9413 74 
9414 74 
9415 75 
9416 76 
9417 76 
9418 75 
9419 75 
9420 75 
9421 77 
9422 78 
9423 77 
9424 76 
9425 76 
9426 78 
9427 79 
9428 80 
9429 78 
9430 77 
9431 78 
9432 79 
9433 81 
9434 80 
9435 78 
9436 77 
9437 78 
9438 79 
9439 80 
9440 79 
9441 77 
9442 76 
9443 77 
9444 78 
9445 79 
9446 77 
9447 75 
9448 74 
9449 76 
9450 77 
9451 77 
9452 75 
9453 74 
9454 74 
9455 76 
9456 77 
9457 76 
9458 75 
9459 74 
9460 75 
9461 77 
9462 78 
9463 77 
9464 76 
9465 76 
9466 77 
9467 79 
9468 79 
9469 78 
9470 77 
9471 78 
9472 79 
9473 80 
9474 79 
9475 78 
9476 77 
9477 78 
9478 79 
9479 79 
9480 78 
9481 77 
9482 77 
9483 78 
9484 79 
9485 78 
9486 76 
9487 75 
9488 76 
9489 77 
9490 78 
9491 76 
9492 75 
9493 74 
9494 75 
9495 77 
9496 77 
9497 76 
9498 74 
9499 74 
9500 76 
9501 78 
9502 78 
9503 76 
9504 75 
9505 75 
9506 77 
9507 79 
9508 78 
9509 77 
9510 76 
9511 77 
9512 79 
9513 80 
9514 79 
9515 77 
9516 77 
9517 78 
9518 79 
9519 79 
9520 78 
9521 77 
9522 77 
9523 78 
9524 78 
9525 78 
9526 76 
9527 76 
9528 77 
9529 78 
9530 77 
9531 76 
9532 75 
9533 75 
9534 76 
9535 77 
9536 77 
9537 75 
9538 74 
9539 75 
9540 77 
9541 78 
9542 77 
9543 75 
9544 75 
9545 77 
9546 79 
9547 79 
9548 78 
9549 76 
9550 76 
9551 78 
9552 80 
9553 79 
9554 78 
9555 76 
9556 77 
9557 78 
9558 79 
9559 79 
9560 77 
9561 76 
9562 77 
9563 78 
9564 78 
9565 77 
9566 76 
9567 75 
9568 76 
9569 77 
9570 77 
9571 76 
9572 75 
9573 75 
9574 76 
9575 77 
9576 76 
9577 75 
9578 75 
9579 76 
9580 77 
9581 78 
9582 77 
9583 76 
9584 76 
9585 78 
9586 79 
9587 78 
9588 77 
9589 76 
9590 77 
9591 79 
9592 80 
9593 79 
9594 77 
9595 77 
9596 78 
9597 80 
9598 80 
9599 78 
9600 76 
9601 76 
9602 78 
9603 79 
9604 78 
9605 76 
9606 75 
9607 75 
9608 77 
9609 78 
9610 77 
9611 75 
9612 74 
9613 75 
9614 77 
9615 77 
9616 76 
9617 75 
9618 75 
9619 76 
9620 77 
9621 77 
9622 76 
9623 76 
9624 76 
9625 78 
9626 78 
9627 78 
9628 77 
9629 77 
9630 78 
9631 79 
9632 79 
9633 78 
9634 77 
9635 78 
9636 79 
9637 80 
9638 79 
9639 77 
9640 77 
9641 77 
9642 79 
9643 79 
9644 77 
9645 76 
9646 75 
9647 76 
9648 78 
9649 78 
9650 76 
9651 74 
9652 74 
9653 76 
9654 77 
9655 77 
9656 75 
9657 74 
9658 74 
9659 76 
9660 77 
9661 77 
9662 75 
9663 75 
9664 76 
9665 78 
9666 78 
9667 78 
9668 76 
9669 77 
9670 78 
9671 79 
9672 79 
9673 78 
9674 78 
9675 78 
9676 80 
9677 80 
9678 79 
9679 78 
9680 77 
9681 78 
9682 79 
9683 79 
9684 77 
9685 76 
9686 76 
9687 77 
9688 78 
9689 77 
9690 75 
9691 74 
9692 75 
9693 77 
9694 77 
9695 75 
9696 74 
9697 74 
9698 75 
9699 77 
9700 77 
9701 75 
9702 74 
9703 75 
9704 77 
9705 78 
9706 78 
9707 76 
9708 75 
9709 77 
9710 79 
9711 80 
9712 79 
9713 77 
9714 77 
9715 78 
9716 80 
9717 80 
9718 79 
9719 78 
9720 78 
9721 79 
9722 80 
9723 79 
9724 78 
9725 77 
9726 77 
9727 78 
9728 78 
9729 77 
9730 76 
9731 75 
9732 76 
9733 77 
9734 76 
9735 75 
9736 74 
9737 75 
9738 76 
9739 76 
9740 76 
9741 74 
9742 74 
9743 75 
9744 77 
9745 77 
9746 76 
9747 75 
9748 75 
9749 77 
9750 79 
9751 79 
9752 77 
9753 76 
9754 77 
9755 79 
9756 80 
9757 80 
9758 78 
9759 77 
9760 78 
9761 80 
9762 80 
9763 79 
9764 77 
9765 77 
9766 77 
9767 79 
9768 79 
9769 77 
9770 76 
9771 75 
9772 77 
9773 77 
9774 77 
9775 75 
9776 74 
9777 75 
9778 76 
9779 76 
9780 75 
9781 74 
9782 74 
9783 76 
9784 77 
9785 77 
9786 76 
9787 75 
9788 76 
9789 77 
9790 78 
9791 78 
9792 77 
9793 76 
9794 78 
9795 79 
9796 80 
9797 79 
9798 77 
9799 77 
9800 79 
9801 80 
9802 80 
9803 78 
9804 77 
9805 77 
9806 79 
9807 79 
9808 78 
9809 76 
9810 76 
9811 76 
9812 78 
9813 78 
9814 77 
9815 75 
9816 74 
9817 75 
9818 77 
9819 77 
9820 75 
9821 74 
9822 74 
9823 76 
9824 77 
9825 77 
9826 75 
9827 75 
9828 76 
9829 77 
9830 78 
9831 77 
9832 76 
9833 76 
9834 78 
9835 79 
9836 79 
9837 78 
9838 77 
9839 78 
9840 79 
9841 80 
9842 79 
9843 78 
9844 77 
9845 78 
9846 79 
9847 79 
9848 78 
9849 76 
9850 76 
9851 78 
9852 79 
9853 78 
9854 76 
9855 75 
9856 75 
9857 77 
9858 77 
9859 76 
9860 74 
9861 74 
9862 75 
9863 77 
9864 77 
9865 76 
9866 75 
9867 75 
9868 76 
9869 78 
9870 78 
9871 77 
9872 76 
9873 76 
9874 78 
9875 79 
9876 79 
9877 77 
9878 77 
9879 78 
9880 79 
9881 80 
9882 79 
9883 78 
9884 77 
9885 78 
9886 79 
9887 79 
9888 77 
9889 76 
9890 77 
9891 78 
9892 78 
9893 77 
9894 76 
9895 75 
9896 76 
9897 77 
9898 77 
9899 76 
9900 74 
9901 74 
9902 76 
9903 77 
9904 77 
9905 75 
9906 74 
9907 75 
9908 77 
9909 78 
9910 77 
9911 76 
9912 75 
9913 77 
9914 78 
9915 79 
9916 78 
9917 77 
9918 77 
9919 78 
9920 80 
9921 80 
9922 78 
9923 77 
9924 77 
9925 79 
9926 79 
9927 79 
9928 77 
9929 76 
9930 77 
9931 78 
9932 78 
9933 77 
9934 76 
9935 76 
9936 76 
9937 77 
9938 77 
9939 76 
9940 75 
9941 75 
9942 76 
9943 77 
9944 76 
9945 75 
9946 75 
9947 76 
9948 77 
9949 77 
9950 76 
9951 75 
9952 76 
9953 78 
9954 79 
9955 78 
9956 77 
9957 76 
9958 77 
9959 79 
9960 80 
9961 79 
9962 77 
9963 77 
9964 78 
9965 80 
9966 80 
9967 78 
9968 76 
9969 76 
9970 78 
9971 79 
9972 78 
9973 77 
9974 75 
9975 76 
9976 77 
9977 78 
9978 77 
9979 75 
9980 75 
9981 75 
9982 76 
9983 77 
9984 76 
9985 75 
9986 75 
9987 76 
9988 77 
9989 77 
9990 76 
9991 76 
9992 76 
9993 78 
9994 78 
9995 78 
9996 77 
9997 77 
9998 78 
9999 79 
