0 129 
1 125 
2 129 
3 126 
4 128 
5 125 
6 130 
7 126 
8 132 
9 127 
10 132 
11 127 
12 132 
13 128 
14 131 
15 127 
16 131 
17 125 
18 129 
19 123 
20 127 
21 122 
22 127 
23 123 
24 127 
25 124 
26 128 
27 123 
28 127 
29 123 
30 127 
31 124 
32 128 
33 124 
34 128 
35 124 
36 128 
37 123 
38 128 
39 124 
40 129 
41 125 
42 129 
43 125 
44 129 
45 124 
46 128 
47 125 
48 129 
49 126 
50 130 
51 126 
52 130 
53 125 
54 129 
55 125 
56 130 
57 127 
58 131 
59 127 
60 131 
61 126 
62 130 
63 126 
64 130 
65 126 
66 131 
67 127 
68 130 
69 126 
70 129 
71 125 
72 129 
73 125 
74 130 
75 126 
76 130 
77 125 
78 128 
79 124 
80 128 
81 124 
82 128 
83 125 
84 129 
85 125 
86 128 
87 123 
88 127 
89 123 
90 127 
91 124 
92 128 
93 124 
94 128 
95 123 
96 127 
97 123 
98 128 
99 124 
100 129 
101 125 
102 129 
103 125 
104 128 
105 124 
106 128 
107 125 
108 129 
109 126 
110 130 
111 126 
112 129 
113 125 
114 129 
115 126 
116 130 
117 127 
118 131 
119 127 
120 130 
121 126 
122 129 
123 126 
124 130 
125 127 
126 131 
127 127 
128 130 
129 126 
130 129 
131 125 
132 129 
133 126 
134 130 
135 126 
136 129 
137 125 
138 128 
139 124 
140 128 
141 125 
142 129 
143 125 
144 129 
145 125 
146 127 
147 123 
148 127 
149 124 
150 128 
151 125 
152 128 
153 124 
154 127 
155 123 
156 127 
157 123 
158 128 
159 125 
160 129 
161 125 
162 128 
163 124 
164 128 
165 124 
166 128 
167 125 
168 129 
169 126 
170 129 
171 125 
172 129 
173 125 
174 129 
175 126 
176 130 
177 127 
178 131 
179 127 
180 130 
181 126 
182 129 
183 126 
184 130 
185 127 
186 131 
187 127 
188 130 
189 126 
190 129 
191 126 
192 129 
193 126 
194 130 
195 126 
196 129 
197 125 
198 128 
199 125 
200 128 
201 125 
202 129 
203 126 
204 128 
205 124 
206 127 
207 124 
208 127 
209 124 
210 128 
211 125 
212 128 
213 124 
214 127 
215 123 
216 127 
217 124 
218 128 
219 125 
220 128 
221 125 
222 128 
223 124 
224 127 
225 124 
226 128 
227 126 
228 129 
229 126 
230 129 
231 125 
232 128 
233 125 
234 129 
235 126 
236 130 
237 127 
238 130 
239 126 
240 129 
241 126 
242 129 
243 127 
244 131 
245 128 
246 131 
247 127 
248 129 
249 126 
250 129 
251 126 
252 130 
253 127 
254 130 
255 126 
256 129 
257 125 
258 128 
259 125 
260 129 
261 126 
262 129 
263 126 
264 128 
265 124 
266 127 
267 124 
268 127 
269 125 
270 128 
271 125 
272 128 
273 124 
274 127 
275 123 
276 127 
277 124 
278 128 
279 125 
280 128 
281 124 
282 127 
283 124 
284 127 
285 125 
286 128 
287 126 
288 129 
289 126 
290 128 
291 125 
292 128 
293 125 
294 129 
295 127 
296 130 
297 127 
298 129 
299 126 
300 129 
301 126 
302 130 
303 127 
304 131 
305 128 
306 130 
307 127 
308 129 
309 126 
310 129 
311 127 
312 130 
313 127 
314 130 
315 126 
316 129 
317 125 
318 128 
319 126 
320 129 
321 126 
322 129 
323 126 
324 128 
325 124 
326 127 
327 124 
328 128 
329 125 
330 128 
331 125 
332 127 
333 124 
334 126 
335 124 
336 127 
337 125 
338 128 
339 125 
340 127 
341 124 
342 127 
343 124 
344 127 
345 125 
346 129 
347 126 
348 129 
349 125 
350 128 
351 125 
352 128 
353 126 
354 129 
355 127 
356 130 
357 126 
358 129 
359 126 
360 129 
361 126 
362 130 
363 127 
364 130 
365 127 
366 130 
367 126 
368 129 
369 126 
370 130 
371 127 
372 130 
373 127 
374 130 
375 126 
376 128 
377 125 
378 129 
379 126 
380 129 
381 126 
382 129 
383 125 
384 128 
385 125 
386 127 
387 125 
388 128 
389 126 
390 128 
391 125 
392 127 
393 124 
394 126 
395 124 
396 127 
397 125 
398 128 
399 125 
400 127 
401 124 
402 126 
403 124 
404 127 
405 125 
406 128 
407 126 
408 128 
409 125 
410 127 
411 125 
412 128 
413 126 
414 129 
415 127 
416 129 
417 126 
418 128 
419 126 
420 129 
421 127 
422 130 
423 128 
424 130 
425 127 
426 129 
427 126 
428 129 
429 127 
430 130 
431 128 
432 130 
433 127 
434 129 
435 126 
436 128 
437 126 
438 129 
439 127 
440 129 
441 127 
442 129 
443 125 
444 127 
445 125 
446 128 
447 126 
448 128 
449 126 
450 128 
451 125 
452 127 
453 124 
454 127 
455 124 
456 128 
457 125 
458 127 
459 124 
460 127 
461 124 
462 126 
463 124 
464 128 
465 125 
466 128 
467 125 
468 128 
469 125 
470 127 
471 125 
472 128 
473 126 
474 129 
475 126 
476 129 
477 126 
478 128 
479 126 
480 129 
481 127 
482 130 
483 127 
484 130 
485 127 
486 129 
487 126 
488 129 
489 127 
490 130 
491 128 
492 130 
493 127 
494 129 
495 126 
496 129 
497 126 
498 129 
499 127 
500 129 
501 126 
502 128 
503 125 
504 128 
505 125 
506 128 
507 126 
508 129 
509 126 
510 128 
511 125 
512 127 
513 124 
514 127 
515 125 
516 128 
517 125 
518 127 
519 124 
520 126 
521 124 
522 126 
523 125 
524 128 
525 125 
526 128 
527 125 
528 127 
529 124 
530 127 
531 125 
532 128 
533 126 
534 129 
535 126 
536 128 
537 125 
538 128 
539 126 
540 129 
541 127 
542 130 
543 127 
544 129 
545 126 
546 129 
547 126 
548 129 
549 128 
550 130 
551 128 
552 130 
553 127 
554 129 
555 126 
556 129 
557 127 
558 130 
559 127 
560 129 
561 126 
562 128 
563 125 
564 128 
565 126 
566 129 
567 126 
568 129 
569 126 
570 127 
571 125 
572 127 
573 125 
574 127 
575 125 
576 128 
577 125 
578 127 
579 124 
580 126 
581 124 
582 127 
583 125 
584 128 
585 125 
586 127 
587 125 
588 127 
589 124 
590 127 
591 126 
592 128 
593 126 
594 128 
595 126 
596 128 
597 125 
598 128 
599 126 
600 129 
601 127 
602 129 
603 127 
604 129 
605 126 
606 129 
607 127 
608 130 
609 128 
610 130 
611 128 
612 129 
613 127 
614 129 
615 127 
616 129 
617 127 
618 130 
619 127 
620 129 
621 126 
622 128 
623 126 
624 128 
625 126 
626 129 
627 127 
628 128 
629 126 
630 127 
631 125 
632 127 
633 125 
634 128 
635 126 
636 128 
637 125 
638 127 
639 124 
640 126 
641 124 
642 127 
643 125 
644 127 
645 125 
646 127 
647 124 
648 126 
649 125 
650 127 
651 126 
652 128 
653 126 
654 128 
655 125 
656 127 
657 125 
658 128 
659 126 
660 129 
661 127 
662 129 
663 126 
664 128 
665 126 
666 129 
667 127 
668 130 
669 128 
670 130 
671 127 
672 129 
673 127 
674 129 
675 127 
676 130 
677 128 
678 130 
679 127 
680 129 
681 126 
682 128 
683 126 
684 129 
685 127 
686 129 
687 127 
688 128 
689 125 
690 127 
691 125 
692 127 
693 126 
694 128 
695 126 
696 127 
697 125 
698 126 
699 124 
700 126 
701 125 
702 127 
703 125 
704 127 
705 125 
706 126 
707 124 
708 126 
709 125 
710 127 
711 126 
712 128 
713 126 
714 127 
715 125 
716 127 
717 125 
718 128 
719 127 
720 129 
721 127 
722 128 
723 126 
724 128 
725 126 
726 129 
727 127 
728 130 
729 128 
730 130 
731 127 
732 129 
733 127 
734 129 
735 127 
736 130 
737 128 
738 130 
739 127 
740 129 
741 126 
742 128 
743 126 
744 129 
745 127 
746 129 
747 127 
748 128 
749 125 
750 127 
751 125 
752 128 
753 126 
754 128 
755 126 
756 127 
757 125 
758 126 
759 124 
760 127 
761 125 
762 127 
763 125 
764 127 
765 124 
766 126 
767 124 
768 126 
769 125 
770 128 
771 126 
772 128 
773 125 
774 127 
775 125 
776 127 
777 126 
778 128 
779 127 
780 129 
781 126 
782 128 
783 126 
784 128 
785 126 
786 129 
787 127 
788 130 
789 128 
790 129 
791 127 
792 129 
793 127 
794 129 
795 128 
796 130 
797 128 
798 129 
799 127 
800 128 
801 126 
802 129 
803 127 
804 129 
805 127 
806 129 
807 126 
808 128 
809 125 
810 127 
811 126 
812 128 
813 126 
814 128 
815 126 
816 127 
817 125 
818 126 
819 125 
820 127 
821 125 
822 127 
823 125 
824 127 
825 124 
826 126 
827 124 
828 127 
829 125 
830 127 
831 126 
832 127 
833 125 
834 127 
835 125 
836 127 
837 126 
838 128 
839 127 
840 128 
841 126 
842 128 
843 126 
844 128 
845 126 
846 129 
847 127 
848 129 
849 127 
850 129 
851 127 
852 129 
853 127 
854 129 
855 128 
856 130 
857 128 
858 129 
859 127 
860 128 
861 127 
862 129 
863 127 
864 129 
865 127 
866 129 
867 126 
868 128 
869 126 
870 128 
871 126 
872 128 
873 127 
874 128 
875 126 
876 127 
877 125 
878 127 
879 125 
880 127 
881 126 
882 127 
883 125 
884 126 
885 124 
886 126 
887 124 
888 127 
889 125 
890 127 
891 125 
892 127 
893 125 
894 126 
895 125 
896 127 
897 126 
898 128 
899 126 
900 128 
901 126 
902 127 
903 126 
904 128 
905 127 
906 129 
907 127 
908 129 
909 127 
910 128 
911 126 
912 129 
913 127 
914 130 
915 128 
916 130 
917 128 
918 129 
919 127 
920 129 
921 127 
922 129 
923 128 
924 130 
925 127 
926 128 
927 126 
928 128 
929 126 
930 128 
931 127 
932 129 
933 127 
934 128 
935 125 
936 127 
937 125 
938 127 
939 126 
940 128 
941 126 
942 127 
943 125 
944 126 
945 124 
946 126 
947 125 
948 127 
949 125 
950 127 
951 125 
952 126 
953 124 
954 126 
955 125 
956 127 
957 126 
958 128 
959 126 
960 127 
961 125 
962 127 
963 126 
964 128 
965 127 
966 129 
967 127 
968 128 
969 126 
970 128 
971 126 
972 129 
973 128 
974 130 
975 128 
976 129 
977 127 
978 129 
979 127 
980 129 
981 128 
982 130 
983 128 
984 129 
985 127 
986 128 
987 126 
988 128 
989 127 
990 129 
991 127 
992 129 
993 127 
994 128 
995 125 
996 127 
997 125 
998 127 
999 126 
1000 128 
1001 126 
1002 127 
1003 125 
1004 126 
1005 124 
1006 126 
1007 125 
1008 127 
1009 125 
1010 127 
1011 125 
1012 126 
1013 124 
1014 126 
1015 125 
1016 127 
1017 126 
1018 128 
1019 126 
1020 127 
1021 125 
1022 127 
1023 126 
1024 128 
1025 127 
1026 129 
1027 127 
1028 128 
1029 126 
1030 128 
1031 127 
1032 129 
1033 128 
1034 130 
1035 128 
1036 129 
1037 127 
1038 128 
1039 127 
1040 129 
1041 128 
1042 130 
1043 128 
1044 129 
1045 127 
1046 128 
1047 126 
1048 128 
1049 127 
1050 129 
1051 127 
1052 129 
1053 126 
1054 127 
1055 125 
1056 127 
1057 126 
1058 128 
1059 126 
1060 128 
1061 126 
1062 127 
1063 125 
1064 126 
1065 125 
1066 127 
1067 125 
1068 127 
1069 125 
1070 126 
1071 124 
1072 126 
1073 124 
1074 126 
1075 125 
1076 127 
1077 126 
1078 127 
1079 125 
1080 127 
1081 125 
1082 127 
1083 126 
1084 128 
1085 127 
1086 128 
1087 126 
1088 128 
1089 126 
1090 128 
1091 127 
1092 129 
1093 128 
1094 129 
1095 127 
1096 129 
1097 127 
1098 128 
1099 127 
1100 129 
1101 128 
1102 130 
1103 128 
1104 129 
1105 127 
1106 128 
1107 127 
1108 129 
1109 127 
1110 129 
1111 127 
1112 128 
1113 126 
1114 127 
1115 126 
1116 127 
1117 126 
1118 128 
1119 127 
1120 128 
1121 126 
1122 127 
1123 125 
1124 126 
1125 125 
1126 127 
1127 126 
1128 127 
1129 125 
1130 126 
1131 124 
1132 126 
1133 125 
1134 127 
1135 126 
1136 127 
1137 126 
1138 127 
1139 125 
1140 126 
1141 125 
1142 127 
1143 126 
1144 128 
1145 127 
1146 128 
1147 126 
1148 127 
1149 126 
1150 128 
1151 127 
1152 129 
1153 128 
1154 129 
1155 127 
1156 128 
1157 127 
1158 129 
1159 128 
1160 130 
1161 128 
1162 130 
1163 128 
1164 129 
1165 127 
1166 128 
1167 127 
1168 129 
1169 128 
1170 129 
1171 127 
1172 128 
1173 126 
1174 127 
1175 126 
1176 128 
1177 127 
1178 128 
1179 127 
1180 127 
1181 125 
1182 127 
1183 125 
1184 127 
1185 126 
1186 127 
1187 126 
1188 127 
1189 125 
1190 126 
1191 124 
1192 126 
1193 125 
1194 127 
1195 126 
1196 127 
1197 125 
1198 126 
1199 125 
1200 126 
1201 125 
1202 127 
1203 126 
1204 128 
1205 126 
1206 127 
1207 126 
1208 127 
1209 126 
1210 128 
1211 127 
1212 129 
1213 127 
1214 128 
1215 127 
1216 128 
1217 127 
1218 129 
1219 128 
1220 130 
1221 128 
1222 129 
1223 127 
1224 128 
1225 127 
1226 129 
1227 128 
1228 129 
1229 128 
1230 129 
1231 127 
1232 128 
1233 126 
1234 128 
1235 127 
1236 128 
1237 127 
1238 128 
1239 126 
1240 127 
1241 125 
1242 127 
1243 125 
1244 127 
1245 126 
1246 127 
1247 126 
1248 127 
1249 125 
1250 126 
1251 124 
1252 126 
1253 125 
1254 127 
1255 126 
1256 127 
1257 125 
1258 126 
1259 125 
1260 126 
1261 126 
1262 128 
1263 126 
1264 128 
1265 126 
1266 127 
1267 125 
1268 127 
1269 126 
1270 128 
1271 127 
1272 129 
1273 127 
1274 128 
1275 126 
1276 128 
1277 127 
1278 129 
1279 128 
1280 130 
1281 128 
1282 129 
1283 127 
1284 128 
1285 127 
1286 129 
1287 128 
1288 130 
1289 128 
1290 129 
1291 127 
1292 128 
1293 126 
1294 128 
1295 127 
1296 129 
1297 127 
1298 128 
1299 126 
1300 127 
1301 125 
1302 127 
1303 126 
1304 128 
1305 126 
1306 127 
1307 126 
1308 126 
1309 125 
1310 126 
1311 125 
1312 127 
1313 126 
1314 127 
1315 125 
1316 126 
1317 125 
1318 126 
1319 125 
1320 127 
1321 126 
1322 127 
1323 126 
1324 127 
1325 126 
1326 127 
1327 125 
1328 127 
1329 126 
1330 128 
1331 127 
1332 128 
1333 127 
1334 128 
1335 126 
1336 128 
1337 127 
1338 129 
1339 128 
1340 129 
1341 128 
1342 129 
1343 127 
1344 128 
1345 127 
1346 129 
1347 128 
1348 130 
1349 128 
1350 129 
1351 127 
1352 128 
1353 127 
1354 128 
1355 127 
1356 129 
1357 127 
1358 128 
1359 126 
1360 127 
1361 126 
1362 127 
1363 126 
1364 128 
1365 126 
1366 127 
1367 125 
1368 126 
1369 125 
1370 126 
1371 125 
1372 127 
1373 126 
1374 127 
1375 125 
1376 126 
1377 124 
1378 126 
1379 125 
1380 127 
1381 126 
1382 127 
1383 126 
1384 127 
1385 125 
1386 126 
1387 126 
1388 127 
1389 127 
1390 128 
1391 127 
1392 128 
1393 126 
1394 127 
1395 126 
1396 128 
1397 127 
1398 129 
1399 128 
1400 129 
1401 127 
1402 128 
1403 127 
1404 129 
1405 128 
1406 129 
1407 128 
1408 129 
1409 128 
1410 128 
1411 127 
1412 128 
1413 127 
1414 129 
1415 128 
1416 129 
1417 127 
1418 128 
1419 126 
1420 127 
1421 126 
1422 128 
1423 127 
1424 128 
1425 126 
1426 127 
1427 125 
1428 126 
1429 125 
1430 126 
1431 126 
1432 127 
1433 126 
1434 127 
1435 125 
1436 126 
1437 124 
1438 126 
1439 125 
1440 127 
1441 126 
1442 127 
1443 125 
1444 126 
1445 125 
1446 126 
1447 126 
1448 127 
1449 127 
1450 128 
1451 127 
1452 127 
1453 126 
1454 127 
1455 126 
1456 128 
1457 127 
1458 129 
1459 128 
1460 129 
1461 127 
1462 128 
1463 127 
1464 129 
1465 128 
1466 130 
1467 128 
1468 129 
1469 128 
1470 128 
1471 127 
1472 128 
1473 128 
1474 129 
1475 128 
1476 129 
1477 127 
1478 128 
1479 126 
1480 127 
1481 126 
1482 128 
1483 127 
1484 128 
1485 126 
1486 127 
1487 125 
1488 126 
1489 125 
1490 127 
1491 126 
1492 127 
1493 126 
1494 126 
1495 125 
1496 126 
1497 125 
1498 126 
1499 125 
1500 127 
1501 126 
1502 127 
1503 125 
1504 126 
1505 125 
1506 126 
1507 126 
1508 128 
1509 127 
1510 128 
1511 126 
1512 127 
1513 126 
1514 127 
1515 126 
1516 128 
1517 127 
1518 129 
1519 127 
1520 128 
1521 127 
1522 128 
1523 127 
1524 129 
1525 128 
1526 130 
1527 128 
1528 129 
1529 127 
1530 128 
1531 127 
1532 129 
1533 128 
1534 129 
1535 128 
1536 129 
1537 127 
1538 128 
1539 126 
1540 128 
1541 127 
1542 128 
1543 127 
1544 128 
1545 126 
1546 127 
1547 125 
1548 127 
1549 126 
1550 127 
1551 126 
1552 127 
1553 126 
1554 126 
1555 125 
1556 126 
1557 125 
1558 126 
1559 126 
1560 127 
1561 125 
1562 126 
1563 125 
1564 126 
1565 125 
1566 127 
1567 126 
1568 128 
1569 126 
1570 127 
1571 126 
1572 127 
1573 126 
1574 127 
1575 127 
1576 128 
1577 127 
1578 128 
1579 127 
1580 128 
1581 126 
1582 128 
1583 127 
1584 129 
1585 128 
1586 129 
1587 128 
1588 129 
1589 127 
1590 128 
1591 128 
1592 129 
1593 128 
1594 129 
1595 128 
1596 128 
1597 127 
1598 128 
1599 127 
1600 128 
1601 127 
1602 129 
1603 127 
1604 128 
1605 126 
1606 127 
1607 126 
1608 127 
1609 126 
1610 128 
1611 126 
1612 127 
1613 125 
1614 126 
1615 125 
1616 126 
1617 125 
1618 127 
1619 126 
1620 127 
1621 125 
1622 126 
1623 125 
1624 126 
1625 125 
1626 127 
1627 126 
1628 127 
1629 126 
1630 127 
1631 125 
1632 127 
1633 126 
1634 127 
1635 127 
1636 128 
1637 127 
1638 128 
1639 126 
1640 127 
1641 126 
1642 128 
1643 127 
1644 129 
1645 128 
1646 129 
1647 128 
1648 128 
1649 127 
1650 129 
1651 128 
1652 129 
1653 128 
1654 129 
1655 128 
1656 128 
1657 127 
1658 128 
1659 127 
1660 129 
1661 128 
1662 129 
1663 127 
1664 128 
1665 126 
1666 127 
1667 126 
1668 127 
1669 127 
1670 128 
1671 126 
1672 127 
1673 125 
1674 126 
1675 125 
1676 126 
1677 126 
1678 127 
1679 126 
1680 126 
1681 125 
1682 126 
1683 124 
1684 126 
1685 125 
1686 127 
1687 126 
1688 127 
1689 126 
1690 126 
1691 125 
1692 127 
1693 126 
1694 128 
1695 127 
1696 128 
1697 127 
1698 127 
1699 126 
1700 127 
1701 127 
1702 128 
1703 128 
1704 129 
1705 128 
1706 129 
1707 127 
1708 128 
1709 127 
1710 129 
1711 128 
1712 129 
1713 128 
1714 129 
1715 128 
1716 128 
1717 127 
1718 128 
1719 128 
1720 129 
1721 128 
1722 129 
1723 127 
1724 128 
1725 126 
1726 127 
1727 126 
1728 128 
1729 127 
1730 128 
1731 126 
1732 127 
1733 125 
1734 126 
1735 125 
1736 127 
1737 126 
1738 127 
1739 126 
1740 126 
1741 125 
1742 126 
1743 125 
1744 126 
1745 125 
1746 127 
1747 126 
1748 127 
1749 125 
1750 126 
1751 125 
1752 127 
1753 126 
1754 128 
1755 127 
1756 128 
1757 126 
1758 127 
1759 126 
1760 127 
1761 127 
1762 128 
1763 128 
1764 129 
1765 127 
1766 128 
1767 127 
1768 128 
1769 127 
1770 129 
1771 128 
1772 129 
1773 128 
1774 129 
1775 127 
1776 128 
1777 127 
1778 129 
1779 128 
1780 129 
1781 128 
1782 128 
1783 127 
1784 127 
1785 126 
1786 128 
1787 127 
1788 128 
1789 127 
1790 128 
1791 126 
1792 127 
1793 125 
1794 126 
1795 126 
1796 127 
1797 126 
1798 127 
1799 126 
1800 126 
1801 125 
1802 126 
1803 125 
1804 126 
1805 126 
1806 127 
1807 126 
1808 126 
1809 125 
1810 126 
1811 125 
1812 127 
1813 126 
1814 128 
1815 127 
1816 127 
1817 126 
1818 127 
1819 126 
1820 127 
1821 127 
1822 128 
1823 127 
1824 128 
1825 127 
1826 128 
1827 127 
1828 128 
1829 128 
1830 129 
1831 128 
1832 129 
1833 128 
1834 129 
1835 127 
1836 128 
1837 128 
1838 129 
1839 128 
1840 129 
1841 128 
1842 128 
1843 127 
1844 128 
1845 127 
1846 128 
1847 127 
1848 128 
1849 127 
1850 128 
1851 126 
1852 127 
1853 126 
1854 127 
1855 126 
1856 127 
1857 126 
1858 127 
1859 125 
1860 126 
1861 125 
1862 126 
1863 125 
1864 127 
1865 126 
1866 127 
1867 125 
1868 126 
1869 125 
1870 126 
1871 125 
1872 127 
1873 126 
1874 127 
1875 126 
1876 127 
1877 126 
1878 127 
1879 126 
1880 127 
1881 127 
1882 128 
1883 127 
1884 128 
1885 127 
1886 127 
1887 127 
1888 128 
1889 128 
1890 129 
1891 128 
1892 129 
1893 128 
1894 128 
1895 127 
1896 128 
1897 128 
1898 129 
1899 128 
1900 129 
1901 128 
1902 128 
1903 127 
1904 128 
1905 127 
1906 128 
1907 128 
1908 128 
1909 127 
1910 127 
1911 126 
1912 127 
1913 126 
1914 127 
1915 127 
1916 127 
1917 126 
1918 127 
1919 125 
1920 126 
1921 125 
1922 126 
1923 126 
1924 127 
1925 126 
1926 126 
1927 125 
1928 126 
1929 125 
1930 126 
1931 125 
1932 127 
1933 126 
1934 127 
1935 126 
1936 127 
1937 126 
1938 127 
1939 126 
1940 128 
1941 127 
1942 128 
1943 127 
1944 128 
1945 126 
1946 127 
1947 127 
1948 128 
1949 128 
1950 129 
1951 128 
1952 129 
1953 127 
1954 128 
1955 127 
1956 129 
1957 128 
1958 129 
1959 128 
1960 129 
1961 128 
1962 128 
1963 127 
1964 128 
1965 127 
1966 129 
1967 128 
1968 128 
1969 127 
1970 127 
1971 126 
1972 127 
1973 126 
1974 128 
1975 127 
1976 128 
1977 126 
1978 127 
1979 125 
1980 126 
1981 125 
1982 126 
1983 126 
1984 127 
1985 126 
1986 126 
1987 125 
1988 125 
1989 125 
1990 126 
1991 126 
1992 127 
1993 126 
1994 127 
1995 126 
1996 126 
1997 125 
1998 127 
1999 126 
2000 128 
2001 127 
2002 128 
2003 128 
2004 126 
2005 126 
2006 128 
2007 129 
2008 130 
2009 130 
2010 130 
2011 129 
2012 130 
2013 130 
2014 130 
2015 129 
2016 130 
2017 128 
2018 128 
2019 126 
2020 127 
2021 126 
2022 127 
2023 126 
2024 127 
2025 126 
2026 126 
2027 126 
2028 127 
2029 126 
2030 127 
2031 126 
2032 126 
2033 125 
2034 126 
2035 126 
2036 127 
2037 126 
2038 127 
2039 125 
2040 126 
2041 125 
2042 126 
2043 126 
2044 128 
2045 127 
2046 127 
2047 125 
2048 126 
2049 125 
2050 127 
2051 127 
2052 129 
2053 128 
2054 128 
2055 126 
2056 126 
2057 126 
2058 128 
2059 128 
2060 130 
2061 129 
2062 128 
2063 126 
2064 127 
2065 126 
2066 128 
2067 128 
2068 129 
2069 128 
2070 128 
2071 126 
2072 127 
2073 126 
2074 128 
2075 128 
2076 129 
2077 128 
2078 127 
2079 126 
2080 126 
2081 126 
2082 127 
2083 127 
2084 128 
2085 127 
2086 127 
2087 126 
2088 127 
2089 126 
2090 127 
2091 127 
2092 127 
2093 126 
2094 127 
2095 126 
2096 127 
2097 127 
2098 128 
2099 126 
2100 127 
2101 126 
2102 127 
2103 127 
2104 128 
2105 127 
2106 128 
2107 126 
2108 127 
2109 126 
2110 127 
2111 127 
2112 128 
2113 128 
2114 128 
2115 126 
2116 126 
2117 126 
2118 127 
2119 127 
2120 129 
2121 128 
2122 128 
2123 126 
2124 126 
2125 125 
2126 127 
2127 127 
2128 129 
2129 127 
2130 127 
2131 125 
2132 126 
2133 125 
2134 127 
2135 127 
2136 129 
2137 127 
2138 127 
2139 126 
2140 126 
2141 126 
2142 128 
2143 128 
2144 129 
2145 128 
2146 128 
2147 126 
2148 127 
2149 126 
2150 128 
2151 128 
2152 129 
2153 127 
2154 128 
2155 126 
2156 127 
2157 127 
2158 128 
2159 128 
2160 128 
2161 127 
2162 128 
2163 127 
2164 128 
2165 127 
2166 128 
2167 127 
2168 127 
2169 126 
2170 127 
2171 126 
2172 128 
2173 127 
2174 127 
2175 126 
2176 126 
2177 125 
2178 126 
2179 126 
2180 128 
2181 127 
2182 127 
2183 125 
2184 125 
2185 125 
2186 126 
2187 126 
2188 128 
2189 127 
2190 127 
2191 125 
2192 125 
2193 125 
2194 127 
2195 127 
2196 129 
2197 128 
2198 128 
2199 126 
2200 126 
2201 126 
2202 128 
2203 128 
2204 130 
2205 128 
2206 128 
2207 127 
2208 127 
2209 127 
2210 129 
2211 129 
2212 130 
2213 128 
2214 128 
2215 127 
2216 128 
2217 127 
2218 129 
2219 128 
2220 129 
2221 128 
2222 128 
2223 126 
2224 127 
2225 127 
2226 128 
2227 127 
2228 127 
2229 126 
2230 126 
2231 125 
2232 126 
2233 126 
2234 127 
2235 126 
2236 126 
2237 125 
2238 126 
2239 125 
2240 126 
2241 126 
2242 126 
2243 125 
2244 125 
2245 125 
2246 126 
2247 126 
2248 127 
2249 126 
2250 127 
2251 125 
2252 126 
2253 125 
2254 127 
2255 127 
2256 129 
2257 128 
2258 128 
2259 127 
2260 127 
2261 127 
2262 129 
2263 129 
2264 130 
2265 129 
2266 129 
2267 127 
2268 128 
2269 127 
2270 129 
2271 129 
2272 130 
2273 129 
2274 129 
2275 127 
2276 127 
2277 127 
2278 129 
2279 128 
2280 129 
2281 128 
2282 127 
2283 126 
2284 126 
2285 126 
2286 127 
2287 127 
2288 127 
2289 126 
2290 126 
2291 124 
2292 125 
2293 125 
2294 126 
2295 125 
2296 126 
2297 125 
2298 125 
2299 124 
2300 125 
2301 125 
2302 126 
2303 125 
2304 126 
2305 125 
2306 126 
2307 126 
2308 127 
2309 127 
2310 127 
2311 126 
2312 127 
2313 126 
2314 127 
2315 128 
2316 129 
2317 128 
2318 129 
2319 128 
2320 128 
2321 128 
2322 129 
2323 129 
2324 131 
2325 130 
2326 130 
2327 128 
2328 128 
2329 128 
2330 129 
2331 129 
2332 130 
2333 129 
2334 129 
2335 127 
2336 127 
2337 126 
2338 128 
2339 128 
2340 129 
2341 127 
2342 127 
2343 125 
2344 125 
2345 125 
2346 126 
2347 126 
2348 127 
2349 126 
2350 125 
2351 124 
2352 124 
2353 124 
2354 125 
2355 125 
2356 126 
2357 125 
2358 125 
2359 124 
2360 125 
2361 125 
2362 126 
2363 126 
2364 127 
2365 126 
2366 126 
2367 126 
2368 127 
2369 127 
2370 128 
2371 127 
2372 128 
2373 127 
2374 128 
2375 128 
2376 129 
2377 129 
2378 129 
2379 129 
2380 129 
2381 128 
2382 129 
2383 129 
2384 130 
2385 130 
2386 130 
2387 128 
2388 128 
2389 128 
2390 129 
2391 129 
2392 130 
2393 129 
2394 128 
2395 127 
2396 126 
2397 126 
2398 127 
2399 127 
2400 128 
2401 127 
2402 126 
2403 125 
2404 125 
2405 124 
2406 126 
2407 126 
2408 127 
2409 126 
2410 125 
2411 124 
2412 124 
2413 124 
2414 126 
2415 126 
2416 127 
2417 126 
2418 125 
2419 124 
2420 125 
2421 125 
2422 127 
2423 127 
2424 128 
2425 127 
2426 127 
2427 126 
2428 127 
2429 127 
2430 128 
2431 128 
2432 129 
2433 128 
2434 128 
2435 128 
2436 129 
2437 129 
2438 130 
2439 129 
2440 129 
2441 128 
2442 129 
2443 128 
2444 129 
2445 129 
2446 129 
2447 128 
2448 128 
2449 127 
2450 128 
2451 128 
2452 128 
2453 128 
2454 128 
2455 126 
2456 126 
2457 126 
2458 126 
2459 126 
2460 127 
2461 126 
2462 126 
2463 125 
2464 125 
2465 124 
2466 126 
2467 126 
2468 127 
2469 126 
2470 126 
2471 124 
2472 125 
2473 125 
2474 126 
2475 127 
2476 127 
2477 126 
2478 126 
2479 125 
2480 125 
2481 126 
2482 127 
2483 128 
2484 129 
2485 128 
2486 127 
2487 126 
2488 127 
2489 127 
2490 129 
2491 129 
2492 129 
2493 128 
2494 128 
2495 127 
2496 128 
2497 128 
2498 129 
2499 129 
2500 129 
2501 128 
2502 128 
2503 127 
2504 128 
2505 128 
2506 128 
2507 128 
2508 128 
2509 127 
2510 127 
2511 127 
2512 127 
2513 127 
2514 127 
2515 126 
2516 126 
2517 125 
2518 126 
2519 126 
2520 127 
2521 126 
2522 126 
2523 125 
2524 125 
2525 125 
2526 126 
2527 126 
2528 127 
2529 127 
2530 126 
2531 125 
2532 125 
2533 125 
2534 127 
2535 127 
2536 128 
2537 127 
2538 127 
2539 126 
2540 126 
2541 126 
2542 128 
2543 128 
2544 129 
2545 128 
2546 128 
2547 126 
2548 127 
2549 127 
2550 128 
2551 129 
2552 129 
2553 128 
2554 128 
2555 126 
2556 127 
2557 127 
2558 128 
2559 128 
2560 129 
2561 127 
2562 127 
2563 126 
2564 127 
2565 127 
2566 128 
2567 127 
2568 128 
2569 127 
2570 126 
2571 126 
2572 126 
2573 126 
2574 127 
2575 127 
2576 127 
2577 126 
2578 126 
2579 126 
2580 127 
2581 127 
2582 127 
2583 126 
2584 127 
2585 126 
2586 127 
2587 127 
2588 128 
2589 127 
2590 127 
2591 126 
2592 127 
2593 126 
2594 127 
2595 127 
2596 128 
2597 128 
2598 128 
2599 127 
2600 127 
2601 126 
2602 128 
2603 128 
2604 129 
2605 128 
2606 128 
2607 126 
2608 126 
2609 126 
2610 128 
2611 128 
2612 129 
2613 127 
2614 127 
2615 126 
2616 126 
2617 126 
2618 127 
2619 128 
2620 128 
2621 127 
2622 126 
2623 125 
2624 126 
2625 126 
2626 127 
2627 127 
2628 128 
2629 127 
2630 126 
2631 125 
2632 126 
2633 126 
2634 128 
2635 127 
2636 128 
2637 127 
2638 127 
2639 126 
2640 127 
2641 127 
2642 128 
2643 128 
2644 128 
2645 127 
2646 127 
2647 127 
2648 128 
2649 128 
2650 128 
2651 128 
2652 128 
2653 127 
2654 127 
2655 127 
2656 128 
2657 128 
2658 128 
2659 127 
2660 127 
2661 126 
2662 127 
2663 127 
2664 128 
2665 127 
2666 127 
2667 126 
2668 126 
2669 126 
2670 127 
2671 127 
2672 128 
2673 127 
2674 126 
2675 125 
2676 125 
2677 125 
2678 127 
2679 127 
2680 128 
2681 127 
2682 126 
2683 125 
2684 125 
2685 126 
2686 127 
2687 128 
2688 128 
2689 127 
2690 127 
2691 126 
2692 127 
2693 127 
2694 128 
2695 128 
2696 129 
2697 128 
2698 127 
2699 127 
2700 127 
2701 128 
2702 129 
2703 129 
2704 129 
2705 128 
2706 128 
2707 127 
2708 128 
2709 128 
2710 129 
2711 128 
2712 128 
2713 127 
2714 127 
2715 127 
2716 127 
2717 127 
2718 128 
2719 127 
2720 127 
2721 126 
2722 126 
2723 126 
2724 127 
2725 126 
2726 127 
2727 125 
2728 126 
2729 125 
2730 126 
2731 126 
2732 127 
2733 126 
2734 126 
2735 125 
2736 125 
2737 125 
2738 126 
2739 127 
2740 127 
2741 127 
2742 127 
2743 126 
2744 126 
2745 126 
2746 128 
2747 128 
2748 129 
2749 128 
2750 128 
2751 127 
2752 127 
2753 127 
2754 129 
2755 129 
2756 130 
2757 129 
2758 128 
2759 127 
2760 128 
2761 128 
2762 129 
2763 129 
2764 130 
2765 128 
2766 128 
2767 127 
2768 127 
2769 128 
2770 128 
2771 128 
2772 128 
2773 127 
2774 127 
2775 126 
2776 126 
2777 126 
2778 127 
2779 127 
2780 126 
2781 125 
2782 125 
2783 125 
2784 126 
2785 126 
2786 126 
2787 125 
2788 125 
2789 125 
2790 125 
2791 125 
2792 126 
2793 126 
2794 126 
2795 125 
2796 126 
2797 125 
2798 126 
2799 127 
2800 128 
2801 127 
2802 127 
2803 126 
2804 127 
2805 127 
2806 128 
2807 128 
2808 129 
2809 129 
2810 128 
2811 127 
2812 128 
2813 128 
2814 129 
2815 129 
2816 130 
2817 129 
2818 129 
2819 128 
2820 128 
2821 128 
2822 129 
2823 129 
2824 129 
2825 128 
2826 128 
2827 126 
2828 127 
2829 127 
2830 128 
2831 128 
2832 128 
2833 127 
2834 126 
2835 125 
2836 126 
2837 126 
2838 127 
2839 126 
2840 126 
2841 125 
2842 125 
2843 124 
2844 125 
2845 125 
2846 126 
2847 126 
2848 126 
2849 125 
2850 125 
2851 125 
2852 126 
2853 126 
2854 127 
2855 126 
2856 127 
2857 126 
2858 127 
2859 127 
2860 128 
2861 128 
2862 128 
2863 127 
2864 128 
2865 127 
2866 128 
2867 129 
2868 129 
2869 129 
2870 129 
2871 128 
2872 128 
2873 128 
2874 129 
2875 129 
2876 130 
2877 129 
2878 129 
2879 127 
2880 128 
2881 127 
2882 128 
2883 129 
2884 129 
2885 128 
2886 127 
2887 126 
2888 126 
2889 126 
2890 127 
2891 127 
2892 127 
2893 126 
2894 125 
2895 124 
2896 125 
2897 125 
2898 126 
2899 126 
2900 126 
2901 125 
2902 125 
2903 124 
2904 125 
2905 125 
2906 126 
2907 126 
2908 127 
2909 126 
2910 126 
2911 125 
2912 126 
2913 126 
2914 128 
2915 127 
2916 127 
2917 127 
2918 127 
2919 127 
2920 128 
2921 128 
2922 129 
2923 128 
2924 128 
2925 128 
2926 128 
2927 128 
2928 129 
2929 129 
2930 129 
2931 128 
2932 128 
2933 128 
2934 128 
2935 128 
2936 129 
2937 128 
2938 128 
2939 127 
2940 127 
2941 127 
2942 128 
2943 128 
2944 128 
2945 127 
2946 127 
2947 126 
2948 126 
2949 125 
2950 126 
2951 127 
2952 127 
2953 126 
2954 125 
2955 124 
2956 125 
2957 125 
2958 126 
2959 126 
2960 127 
2961 126 
2962 125 
2963 125 
2964 125 
2965 126 
2966 127 
2967 127 
2968 127 
2969 126 
2970 126 
2971 126 
2972 126 
2973 127 
2974 128 
2975 128 
2976 128 
2977 127 
2978 127 
2979 127 
2980 128 
2981 128 
2982 129 
2983 129 
2984 129 
2985 128 
2986 128 
2987 128 
2988 128 
2989 128 
2990 129 
2991 128 
2992 128 
2993 127 
2994 128 
2995 127 
2996 128 
2997 128 
2998 128 
2999 127 
3000 127 
3001 126 
3002 127 
3003 127 
3004 127 
3005 127 
3006 126 
3007 125 
3008 125 
3009 125 
3010 126 
3011 126 
3012 127 
3013 126 
3014 126 
3015 125 
3016 125 
3017 125 
3018 127 
3019 127 
3020 127 
3021 127 
3022 126 
3023 125 
3024 126 
3025 126 
3026 127 
3027 128 
3028 128 
3029 127 
3030 127 
3031 126 
3032 127 
3033 127 
3034 129 
3035 129 
3036 129 
3037 128 
3038 127 
3039 127 
3040 127 
3041 128 
3042 129 
3043 129 
3044 129 
3045 127 
3046 127 
3047 127 
3048 127 
3049 128 
3050 128 
3051 128 
3052 128 
3053 127 
3054 127 
3055 126 
3056 127 
3057 127 
3058 127 
3059 127 
3060 127 
3061 126 
3062 126 
3063 126 
3064 127 
3065 126 
3066 127 
3067 126 
3068 126 
3069 126 
3070 126 
3071 126 
3072 127 
3073 127 
3074 127 
3075 126 
3076 126 
3077 126 
3078 127 
3079 127 
3080 128 
3081 127 
3082 127 
3083 126 
3084 127 
3085 127 
3086 128 
3087 128 
3088 129 
3089 128 
3090 127 
3091 127 
3092 127 
3093 127 
3094 128 
3095 128 
3096 129 
3097 128 
3098 127 
3099 126 
3100 127 
3101 127 
3102 128 
3103 128 
3104 128 
3105 127 
3106 126 
3107 126 
3108 126 
3109 127 
3110 128 
3111 127 
3112 127 
3113 126 
3114 126 
3115 125 
3116 126 
3117 126 
3118 127 
3119 127 
3120 127 
3121 126 
3122 126 
3123 126 
3124 127 
3125 127 
3126 127 
3127 127 
3128 127 
3129 126 
3130 127 
3131 127 
3132 128 
3133 127 
3134 128 
3135 127 
3136 127 
3137 127 
3138 127 
3139 128 
3140 128 
3141 128 
3142 128 
3143 127 
3144 127 
3145 127 
3146 128 
3147 128 
3148 129 
3149 128 
3150 128 
3151 127 
3152 127 
3153 127 
3154 128 
3155 128 
3156 128 
3157 127 
3158 127 
3159 126 
3160 126 
3161 126 
3162 127 
3163 127 
3164 127 
3165 126 
3166 126 
3167 125 
3168 126 
3169 126 
3170 127 
3171 127 
3172 127 
3173 126 
3174 126 
3175 125 
3176 126 
3177 126 
3178 127 
3179 127 
3180 128 
3181 127 
3182 126 
3183 126 
3184 127 
3185 127 
3186 128 
3187 128 
3188 128 
3189 127 
3190 127 
3191 127 
3192 128 
3193 128 
3194 129 
3195 128 
3196 128 
3197 127 
3198 128 
3199 128 
3200 128 
3201 128 
3202 128 
3203 128 
3204 127 
3205 127 
3206 127 
3207 127 
3208 128 
3209 127 
3210 127 
3211 126 
3212 126 
3213 126 
3214 127 
3215 127 
3216 127 
3217 126 
3218 126 
3219 125 
3220 125 
3221 125 
3222 126 
3223 126 
3224 127 
3225 126 
3226 126 
3227 125 
3228 125 
3229 126 
3230 127 
3231 127 
3232 127 
3233 127 
3234 126 
3235 126 
3236 126 
3237 127 
3238 128 
3239 128 
3240 128 
3241 127 
3242 127 
3243 127 
3244 127 
3245 128 
3246 129 
3247 129 
3248 129 
3249 128 
3250 128 
3251 127 
3252 128 
3253 128 
3254 129 
3255 129 
3256 129 
3257 128 
3258 127 
3259 127 
3260 128 
3261 128 
3262 128 
3263 128 
3264 127 
3265 126 
3266 126 
3267 126 
3268 127 
3269 127 
3270 127 
3271 126 
3272 126 
3273 125 
3274 126 
3275 126 
3276 126 
3277 126 
3278 126 
3279 125 
3280 125 
3281 125 
3282 126 
3283 126 
3284 127 
3285 126 
3286 126 
3287 125 
3288 126 
3289 126 
3290 127 
3291 127 
3292 128 
3293 127 
3294 127 
3295 126 
3296 127 
3297 127 
3298 128 
3299 129 
3300 129 
3301 128 
3302 128 
3303 127 
3304 128 
3305 128 
3306 129 
3307 129 
3308 129 
3309 128 
3310 128 
3311 127 
3312 128 
3313 128 
3314 129 
3315 129 
3316 128 
3317 127 
3318 127 
3319 126 
3320 127 
3321 127 
3322 128 
3323 127 
3324 127 
3325 126 
3326 126 
3327 125 
3328 126 
3329 126 
3330 126 
3331 126 
3332 126 
3333 125 
3334 125 
3335 125 
3336 126 
3337 126 
3338 126 
3339 125 
3340 125 
3341 125 
3342 126 
3343 126 
3344 127 
3345 127 
3346 127 
3347 126 
3348 126 
3349 126 
3350 127 
3351 128 
3352 128 
3353 128 
3354 128 
3355 127 
3356 128 
3357 128 
3358 129 
3359 129 
3360 129 
3361 129 
3362 129 
3363 128 
3364 128 
3365 128 
3366 129 
3367 129 
3368 129 
3369 128 
3370 128 
3371 127 
3372 127 
3373 127 
3374 128 
3375 128 
3376 128 
3377 127 
3378 126 
3379 126 
3380 126 
3381 126 
3382 127 
3383 127 
3384 127 
3385 125 
3386 125 
3387 125 
3388 125 
3389 126 
3390 126 
3391 126 
3392 126 
3393 125 
3394 125 
3395 125 
3396 126 
3397 126 
3398 127 
3399 126 
3400 126 
3401 126 
3402 126 
3403 126 
3404 127 
3405 127 
3406 128 
3407 127 
3408 127 
3409 127 
3410 127 
3411 128 
3412 129 
3413 129 
3414 129 
3415 128 
3416 128 
3417 128 
3418 129 
3419 129 
3420 129 
3421 129 
3422 129 
3423 128 
3424 128 
3425 128 
3426 128 
3427 128 
3428 129 
3429 128 
3430 127 
3431 126 
3432 127 
3433 127 
3434 127 
3435 127 
3436 127 
3437 126 
3438 126 
3439 125 
3440 125 
3441 126 
3442 127 
3443 126 
3444 126 
3445 125 
3446 125 
3447 124 
3448 125 
3449 126 
3450 127 
3451 126 
3452 126 
3453 126 
3454 125 
3455 125 
3456 126 
3457 127 
3458 127 
3459 127 
3460 127 
3461 126 
3462 126 
3463 126 
3464 127 
3465 128 
3466 129 
3467 128 
3468 128 
3469 127 
3470 128 
3471 128 
3472 129 
3473 129 
3474 129 
3475 128 
3476 128 
3477 128 
3478 128 
3479 128 
3480 129 
3481 128 
3482 128 
3483 127 
3484 127 
3485 127 
3486 127 
3487 127 
3488 128 
3489 127 
3490 127 
3491 126 
3492 126 
3493 126 
3494 127 
3495 127 
3496 127 
3497 126 
3498 126 
3499 125 
3500 125 
3501 125 
3502 126 
3503 126 
3504 127 
3505 126 
3506 126 
3507 125 
3508 126 
3509 126 
3510 127 
3511 127 
3512 127 
3513 126 
3514 126 
3515 126 
3516 126 
3517 127 
3518 128 
3519 128 
3520 128 
3521 127 
3522 127 
3523 127 
3524 128 
3525 128 
3526 129 
3527 129 
3528 128 
3529 128 
3530 127 
3531 127 
3532 128 
3533 128 
3534 129 
3535 128 
3536 128 
3537 127 
3538 127 
3539 127 
3540 128 
3541 128 
3542 128 
3543 127 
3544 127 
3545 126 
3546 126 
3547 126 
3548 127 
3549 127 
3550 127 
3551 126 
3552 126 
3553 125 
3554 126 
3555 126 
3556 127 
3557 126 
3558 126 
3559 126 
3560 126 
3561 126 
3562 127 
3563 127 
3564 127 
3565 127 
3566 127 
3567 126 
3568 126 
3569 127 
3570 128 
3571 128 
3572 128 
3573 127 
3574 127 
3575 126 
3576 127 
3577 127 
3578 128 
3579 129 
3580 129 
3581 128 
3582 127 
3583 127 
3584 127 
3585 128 
3586 129 
3587 128 
3588 128 
3589 127 
3590 127 
3591 126 
3592 127 
3593 127 
3594 128 
3595 128 
3596 127 
3597 126 
3598 126 
3599 126 
3600 127 
3601 127 
3602 127 
3603 127 
3604 126 
3605 126 
3606 126 
3607 126 
3608 126 
3609 127 
3610 127 
3611 126 
3612 126 
3613 126 
3614 126 
3615 126 
3616 127 
3617 127 
3618 127 
3619 127 
3620 127 
3621 126 
3622 127 
3623 127 
3624 128 
3625 128 
3626 128 
3627 127 
3628 127 
3629 127 
3630 128 
3631 128 
3632 129 
3633 128 
3634 128 
3635 127 
3636 127 
3637 127 
3638 128 
3639 128 
3640 128 
3641 128 
3642 127 
3643 126 
3644 127 
3645 127 
3646 128 
3647 128 
3648 128 
3649 127 
3650 126 
3651 126 
3652 126 
3653 127 
3654 127 
3655 127 
3656 127 
3657 126 
3658 126 
3659 125 
3660 126 
3661 126 
3662 127 
3663 127 
3664 126 
3665 126 
3666 126 
3667 126 
3668 126 
3669 127 
3670 127 
3671 127 
3672 127 
3673 126 
3674 126 
3675 127 
3676 127 
3677 128 
3678 128 
3679 128 
3680 127 
3681 127 
3682 127 
3683 128 
3684 128 
3685 128 
3686 128 
3687 128 
3688 128 
3689 127 
3690 128 
3691 128 
3692 129 
3693 128 
3694 128 
3695 127 
3696 127 
3697 127 
3698 128 
3699 128 
3700 128 
3701 127 
3702 127 
3703 126 
3704 126 
3705 126 
3706 127 
3707 127 
3708 127 
3709 126 
3710 126 
3711 125 
3712 125 
3713 126 
3714 127 
3715 127 
3716 127 
3717 126 
3718 125 
3719 125 
3720 126 
3721 126 
3722 127 
3723 127 
3724 127 
3725 126 
3726 126 
3727 126 
3728 127 
3729 127 
3730 128 
3731 128 
3732 128 
3733 127 
3734 127 
3735 127 
3736 128 
3737 128 
3738 129 
3739 129 
3740 128 
3741 128 
3742 128 
3743 128 
3744 129 
3745 129 
3746 129 
3747 128 
3748 128 
3749 127 
3750 127 
3751 127 
3752 128 
3753 128 
3754 128 
3755 127 
3756 127 
3757 126 
3758 127 
3759 127 
3760 127 
3761 127 
3762 126 
3763 126 
3764 126 
3765 125 
3766 126 
3767 126 
3768 126 
3769 126 
3770 126 
3771 125 
3772 125 
3773 125 
3774 126 
3775 126 
3776 127 
3777 126 
3778 126 
3779 125 
3780 126 
3781 127 
3782 127 
3783 128 
3784 128 
3785 127 
3786 127 
3787 127 
3788 127 
3789 128 
3790 129 
3791 129 
3792 129 
3793 128 
3794 128 
3795 127 
3796 128 
3797 129 
3798 129 
3799 129 
3800 129 
3801 128 
3802 128 
3803 127 
3804 128 
3805 128 
3806 129 
3807 128 
3808 128 
3809 127 
3810 127 
3811 127 
3812 127 
3813 127 
3814 127 
3815 127 
3816 126 
3817 126 
3818 126 
3819 126 
3820 126 
3821 126 
3822 126 
3823 125 
3824 125 
3825 125 
3826 125 
3827 126 
3828 126 
3829 126 
3830 126 
3831 125 
3832 125 
3833 126 
3834 126 
3835 127 
3836 127 
3837 127 
3838 127 
3839 126 
3840 127 
3841 127 
3842 128 
3843 128 
3844 128 
3845 128 
3846 128 
3847 127 
3848 128 
3849 128 
3850 129 
3851 129 
3852 129 
3853 128 
3854 128 
3855 128 
3856 128 
3857 128 
3858 129 
3859 129 
3860 129 
3861 128 
3862 127 
3863 127 
3864 127 
3865 128 
3866 128 
3867 128 
3868 127 
3869 126 
3870 126 
3871 126 
3872 126 
3873 127 
3874 127 
3875 126 
3876 126 
3877 125 
3878 125 
3879 125 
3880 126 
3881 126 
3882 126 
3883 126 
3884 125 
3885 125 
3886 125 
3887 126 
3888 126 
3889 127 
3890 127 
3891 126 
3892 126 
3893 126 
3894 127 
3895 127 
3896 128 
3897 128 
3898 128 
3899 127 
3900 127 
3901 127 
3902 128 
3903 128 
3904 129 
3905 129 
3906 128 
3907 128 
3908 128 
3909 128 
3910 129 
3911 129 
3912 129 
3913 128 
3914 128 
3915 127 
3916 128 
3917 128 
3918 128 
3919 128 
3920 128 
3921 127 
3922 127 
3923 126 
3924 127 
3925 127 
3926 127 
3927 127 
3928 127 
3929 126 
3930 125 
3931 125 
3932 126 
3933 126 
3934 127 
3935 126 
3936 126 
3937 125 
3938 125 
3939 125 
3940 126 
3941 126 
3942 127 
3943 126 
3944 126 
3945 126 
3946 126 
3947 126 
3948 127 
3949 127 
3950 128 
3951 127 
3952 127 
3953 127 
3954 127 
3955 127 
3956 128 
3957 128 
3958 129 
3959 128 
3960 128 
3961 128 
3962 128 
3963 128 
3964 129 
3965 129 
3966 129 
3967 128 
3968 128 
3969 128 
3970 128 
3971 128 
3972 128 
3973 128 
3974 128 
3975 127 
3976 127 
3977 127 
3978 127 
3979 127 
3980 127 
3981 127 
3982 126 
3983 126 
3984 126 
3985 126 
3986 127 
3987 127 
3988 126 
3989 126 
3990 125 
3991 125 
3992 125 
3993 126 
3994 127 
3995 127 
3996 126 
3997 126 
3998 126 
3999 125 
4000 126 
4001 127 
4002 128 
4003 129 
4004 126 
4005 126 
4006 128 
4007 129 
4008 130 
4009 130 
4010 130 
4011 130 
4012 131 
4013 130 
4014 130 
4015 128 
4016 127 
4017 126 
4018 126 
4019 126 
4020 127 
4021 126 
4022 125 
4023 125 
4024 125 
4025 126 
4026 127 
4027 127 
4028 127 
4029 125 
4030 125 
4031 125 
4032 126 
4033 127 
4034 128 
4035 127 
4036 126 
4037 124 
4038 125 
4039 127 
4040 128 
4041 128 
4042 127 
4043 125 
4044 125 
4045 126 
4046 128 
4047 129 
4048 129 
4049 128 
4050 126 
4051 126 
4052 127 
4053 128 
4054 130 
4055 129 
4056 128 
4057 126 
4058 126 
4059 126 
4060 128 
4061 129 
4062 129 
4063 127 
4064 126 
4065 125 
4066 126 
4067 127 
4068 128 
4069 128 
4070 127 
4071 126 
4072 126 
4073 126 
4074 127 
4075 127 
4076 126 
4077 126 
4078 126 
4079 126 
4080 127 
4081 127 
4082 127 
4083 126 
4084 126 
4085 126 
4086 127 
4087 128 
4088 128 
4089 127 
4090 126 
4091 126 
4092 127 
4093 128 
4094 129 
4095 129 
4096 128 
4097 126 
4098 126 
4099 127 
4100 129 
4101 129 
4102 129 
4103 127 
4104 126 
4105 126 
4106 127 
4107 128 
4108 129 
4109 128 
4110 127 
4111 125 
4112 125 
4113 126 
4114 128 
4115 128 
4116 128 
4117 126 
4118 125 
4119 125 
4120 126 
4121 127 
4122 128 
4123 127 
4124 126 
4125 125 
4126 125 
4127 126 
4128 128 
4129 128 
4130 127 
4131 126 
4132 126 
4133 126 
4134 127 
4135 128 
4136 128 
4137 127 
4138 127 
4139 127 
4140 128 
4141 128 
4142 128 
4143 128 
4144 127 
4145 127 
4146 128 
4147 128 
4148 129 
4149 128 
4150 127 
4151 126 
4152 126 
4153 127 
4154 128 
4155 129 
4156 128 
4157 126 
4158 125 
4159 125 
4160 127 
4161 128 
4162 128 
4163 127 
4164 126 
4165 124 
4166 125 
4167 126 
4168 128 
4169 128 
4170 127 
4171 125 
4172 124 
4173 125 
4174 127 
4175 128 
4176 128 
4177 127 
4178 126 
4179 125 
4180 126 
4181 128 
4182 129 
4183 129 
4184 128 
4185 126 
4186 126 
4187 127 
4188 129 
4189 129 
4190 129 
4191 128 
4192 127 
4193 127 
4194 128 
4195 129 
4196 129 
4197 128 
4198 128 
4199 127 
4200 127 
4201 127 
4202 128 
4203 127 
4204 127 
4205 126 
4206 126 
4207 126 
4208 127 
4209 127 
4210 126 
4211 125 
4212 125 
4213 125 
4214 126 
4215 127 
4216 127 
4217 126 
4218 124 
4219 124 
4220 125 
4221 126 
4222 128 
4223 128 
4224 126 
4225 125 
4226 125 
4227 126 
4228 128 
4229 129 
4230 129 
4231 128 
4232 126 
4233 126 
4234 128 
4235 129 
4236 130 
4237 130 
4238 128 
4239 127 
4240 127 
4241 128 
4242 130 
4243 130 
4244 130 
4245 128 
4246 127 
4247 127 
4248 128 
4249 129 
4250 129 
4251 128 
4252 127 
4253 126 
4254 126 
4255 126 
4256 127 
4257 127 
4258 126 
4259 125 
4260 125 
4261 125 
4262 126 
4263 126 
4264 126 
4265 125 
4266 124 
4267 124 
4268 125 
4269 126 
4270 126 
4271 125 
4272 125 
4273 125 
4274 126 
4275 127 
4276 128 
4277 127 
4278 127 
4279 126 
4280 126 
4281 128 
4282 129 
4283 130 
4284 129 
4285 128 
4286 127 
4287 127 
4288 129 
4289 131 
4290 131 
4291 130 
4292 129 
4293 127 
4294 128 
4295 129 
4296 130 
4297 130 
4298 129 
4299 127 
4300 126 
4301 126 
4302 128 
4303 129 
4304 129 
4305 127 
4306 126 
4307 125 
4308 125 
4309 126 
4310 127 
4311 126 
4312 125 
4313 124 
4314 124 
4315 124 
4316 125 
4317 126 
4318 125 
4319 124 
4320 124 
4321 124 
4322 125 
4323 126 
4324 126 
4325 126 
4326 126 
4327 125 
4328 126 
4329 127 
4330 128 
4331 128 
4332 127 
4333 127 
4334 127 
4335 129 
4336 130 
4337 130 
4338 129 
4339 128 
4340 128 
4341 129 
4342 130 
4343 131 
4344 131 
4345 129 
4346 128 
4347 127 
4348 128 
4349 129 
4350 130 
4351 130 
4352 128 
4353 126 
4354 125 
4355 126 
4356 128 
4357 128 
4358 128 
4359 126 
4360 124 
4361 124 
4362 125 
4363 126 
4364 127 
4365 126 
4366 125 
4367 123 
4368 123 
4369 124 
4370 126 
4371 126 
4372 126 
4373 125 
4374 124 
4375 125 
4376 126 
4377 127 
4378 127 
4379 127 
4380 126 
4381 126 
4382 127 
4383 128 
4384 129 
4385 129 
4386 128 
4387 128 
4388 128 
4389 129 
4390 130 
4391 130 
4392 129 
4393 128 
4394 128 
4395 128 
4396 129 
4397 130 
4398 130 
4399 128 
4400 127 
4401 127 
4402 128 
4403 129 
4404 129 
4405 128 
4406 127 
4407 125 
4408 125 
4409 126 
4410 128 
4411 128 
4412 127 
4413 125 
4414 124 
4415 124 
4416 125 
4417 127 
4418 127 
4419 126 
4420 125 
4421 124 
4422 124 
4423 125 
4424 127 
4425 127 
4426 127 
4427 125 
4428 125 
4429 125 
4430 127 
4431 128 
4432 128 
4433 128 
4434 127 
4435 126 
4436 127 
4437 128 
4438 129 
4439 129 
4440 128 
4441 127 
4442 128 
4443 128 
4444 129 
4445 129 
4446 129 
4447 128 
4448 127 
4449 127 
4450 128 
4451 129 
4452 129 
4453 127 
4454 127 
4455 126 
4456 127 
4457 128 
4458 128 
4459 127 
4460 126 
4461 125 
4462 125 
4463 126 
4464 127 
4465 127 
4466 126 
4467 125 
4468 124 
4469 125 
4470 127 
4471 128 
4472 128 
4473 126 
4474 125 
4475 125 
4476 126 
4477 127 
4478 129 
4479 128 
4480 127 
4481 126 
4482 125 
4483 126 
4484 128 
4485 129 
4486 129 
4487 128 
4488 127 
4489 126 
4490 127 
4491 128 
4492 129 
4493 129 
4494 128 
4495 126 
4496 126 
4497 127 
4498 128 
4499 128 
4500 128 
4501 127 
4502 126 
4503 126 
4504 127 
4505 128 
4506 128 
4507 127 
4508 126 
4509 125 
4510 126 
4511 127 
4512 127 
4513 127 
4514 126 
4515 125 
4516 126 
4517 127 
4518 128 
4519 128 
4520 127 
4521 126 
4522 126 
4523 126 
4524 128 
4525 128 
4526 128 
4527 127 
4528 126 
4529 126 
4530 127 
4531 128 
4532 129 
4533 129 
4534 127 
4535 126 
4536 126 
4537 128 
4538 129 
4539 129 
4540 129 
4541 127 
4542 126 
4543 126 
4544 127 
4545 128 
4546 129 
4547 128 
4548 126 
4549 125 
4550 125 
4551 126 
4552 128 
4553 128 
4554 127 
4555 126 
4556 125 
4557 125 
4558 126 
4559 127 
4560 127 
4561 126 
4562 126 
4563 125 
4564 126 
4565 127 
4566 128 
4567 127 
4568 127 
4569 126 
4570 126 
4571 127 
4572 128 
4573 128 
4574 128 
4575 127 
4576 127 
4577 127 
4578 128 
4579 129 
4580 129 
4581 128 
4582 127 
4583 127 
4584 128 
4585 129 
4586 129 
4587 128 
4588 127 
4589 126 
4590 126 
4591 127 
4592 129 
4593 128 
4594 127 
4595 126 
4596 125 
4597 126 
4598 127 
4599 128 
4600 128 
4601 126 
4602 125 
4603 124 
4604 125 
4605 126 
4606 128 
4607 127 
4608 126 
4609 125 
4610 124 
4611 125 
4612 127 
4613 128 
4614 128 
4615 127 
4616 126 
4617 125 
4618 127 
4619 128 
4620 129 
4621 128 
4622 127 
4623 127 
4624 127 
4625 128 
4626 129 
4627 129 
4628 129 
4629 128 
4630 127 
4631 128 
4632 129 
4633 129 
4634 129 
4635 128 
4636 127 
4637 127 
4638 128 
4639 128 
4640 128 
4641 127 
4642 126 
4643 126 
4644 126 
4645 127 
4646 128 
4647 127 
4648 126 
4649 125 
4650 125 
4651 125 
4652 126 
4653 127 
4654 127 
4655 125 
4656 124 
4657 124 
4658 125 
4659 127 
4660 128 
4661 127 
4662 126 
4663 125 
4664 125 
4665 127 
4666 128 
4667 129 
4668 128 
4669 127 
4670 126 
4671 126 
4672 128 
4673 129 
4674 130 
4675 129 
4676 128 
4677 127 
4678 127 
4679 129 
4680 130 
4681 130 
4682 129 
4683 128 
4684 127 
4685 127 
4686 128 
4687 129 
4688 128 
4689 127 
4690 126 
4691 126 
4692 127 
4693 127 
4694 127 
4695 126 
4696 126 
4697 125 
4698 125 
4699 126 
4700 126 
4701 126 
4702 125 
4703 124 
4704 124 
4705 125 
4706 126 
4707 127 
4708 126 
4709 125 
4710 125 
4711 125 
4712 126 
4713 128 
4714 128 
4715 128 
4716 127 
4717 126 
4718 126 
4719 128 
4720 129 
4721 130 
4722 129 
4723 127 
4724 127 
4725 128 
4726 129 
4727 130 
4728 130 
4729 129 
4730 128 
4731 127 
4732 128 
4733 129 
4734 130 
4735 129 
4736 128 
4737 127 
4738 126 
4739 127 
4740 128 
4741 128 
4742 128 
4743 126 
4744 125 
4745 125 
4746 125 
4747 126 
4748 127 
4749 126 
4750 125 
4751 124 
4752 124 
4753 125 
4754 126 
4755 126 
4756 125 
4757 125 
4758 125 
4759 125 
4760 126 
4761 127 
4762 127 
4763 126 
4764 126 
4765 126 
4766 127 
4767 128 
4768 129 
4769 128 
4770 127 
4771 127 
4772 128 
4773 129 
4774 130 
4775 130 
4776 129 
4777 128 
4778 128 
4779 128 
4780 130 
4781 131 
4782 130 
4783 129 
4784 127 
4785 127 
4786 128 
4787 129 
4788 129 
4789 129 
4790 127 
4791 126 
4792 125 
4793 126 
4794 127 
4795 128 
4796 127 
4797 125 
4798 124 
4799 124 
4800 125 
4801 126 
4802 126 
4803 125 
4804 124 
4805 124 
4806 124 
4807 125 
4808 126 
4809 126 
4810 126 
4811 125 
4812 125 
4813 126 
4814 127 
4815 128 
4816 128 
4817 127 
4818 127 
4819 127 
4820 128 
4821 129 
4822 129 
4823 129 
4824 128 
4825 128 
4826 129 
4827 129 
4828 130 
4829 130 
4830 129 
4831 128 
4832 128 
4833 129 
4834 130 
4835 130 
4836 129 
4837 127 
4838 126 
4839 126 
4840 127 
4841 128 
4842 129 
4843 127 
4844 126 
4845 125 
4846 125 
4847 126 
4848 127 
4849 127 
4850 126 
4851 124 
4852 124 
4853 124 
4854 125 
4855 126 
4856 127 
4857 126 
4858 125 
4859 124 
4860 125 
4861 126 
4862 127 
4863 127 
4864 126 
4865 125 
4866 126 
4867 126 
4868 128 
4869 128 
4870 128 
4871 127 
4872 127 
4873 127 
4874 128 
4875 129 
4876 129 
4877 129 
4878 128 
4879 128 
4880 128 
4881 129 
4882 129 
4883 129 
4884 128 
4885 127 
4886 127 
4887 128 
4888 128 
4889 128 
4890 128 
4891 127 
4892 126 
4893 126 
4894 127 
4895 128 
4896 127 
4897 126 
4898 125 
4899 124 
4900 125 
4901 126 
4902 127 
4903 127 
4904 126 
4905 125 
4906 124 
4907 125 
4908 127 
4909 128 
4910 127 
4911 126 
4912 125 
4913 125 
4914 126 
4915 127 
4916 128 
4917 128 
4918 127 
4919 126 
4920 126 
4921 127 
4922 129 
4923 129 
4924 129 
4925 128 
4926 127 
4927 127 
4928 128 
4929 129 
4930 129 
4931 128 
4932 127 
4933 127 
4934 127 
4935 128 
4936 128 
4937 128 
4938 127 
4939 126 
4940 126 
4941 127 
4942 127 
4943 128 
4944 127 
4945 126 
4946 125 
4947 126 
4948 126 
4949 127 
4950 127 
4951 126 
4952 125 
4953 125 
4954 126 
4955 127 
4956 128 
4957 127 
4958 126 
4959 125 
4960 126 
4961 127 
4962 128 
4963 128 
4964 128 
4965 127 
4966 126 
4967 126 
4968 128 
4969 129 
4970 129 
4971 128 
4972 127 
4973 126 
4974 127 
4975 128 
4976 129 
4977 129 
4978 128 
4979 127 
4980 126 
4981 126 
4982 127 
4983 128 
4984 128 
4985 127 
4986 126 
4987 125 
4988 126 
4989 127 
4990 128 
4991 127 
4992 126 
4993 125 
4994 125 
4995 126 
4996 127 
4997 127 
4998 127 
4999 126 
5000 125 
5001 126 
5002 127 
5003 127 
5004 128 
5005 127 
5006 126 
5007 126 
5008 127 
5009 128 
5010 128 
5011 128 
5012 127 
5013 127 
5014 127 
5015 128 
5016 129 
5017 129 
5018 128 
5019 127 
5020 127 
5021 127 
5022 128 
5023 129 
5024 129 
5025 128 
5026 127 
5027 126 
5028 127 
5029 128 
5030 129 
5031 128 
5032 127 
5033 125 
5034 125 
5035 126 
5036 127 
5037 128 
5038 127 
5039 126 
5040 125 
5041 124 
5042 125 
5043 127 
5044 127 
5045 127 
5046 126 
5047 125 
5048 125 
5049 126 
5050 127 
5051 128 
5052 127 
5053 126 
5054 126 
5055 126 
5056 127 
5057 128 
5058 128 
5059 128 
5060 127 
5061 127 
5062 128 
5063 128 
5064 129 
5065 129 
5066 128 
5067 127 
5068 128 
5069 128 
5070 129 
5071 129 
5072 128 
5073 127 
5074 127 
5075 127 
5076 128 
5077 128 
5078 128 
5079 127 
5080 126 
5081 126 
5082 126 
5083 127 
5084 128 
5085 127 
5086 126 
5087 125 
5088 125 
5089 126 
5090 127 
5091 127 
5092 126 
5093 125 
5094 124 
5095 124 
5096 126 
5097 127 
5098 127 
5099 127 
5100 126 
5101 125 
5102 126 
5103 127 
5104 128 
5105 129 
5106 128 
5107 127 
5108 126 
5109 127 
5110 128 
5111 129 
5112 129 
5113 128 
5114 128 
5115 127 
5116 128 
5117 129 
5118 129 
5119 129 
5120 128 
5121 127 
5122 127 
5123 128 
5124 129 
5125 128 
5126 128 
5127 127 
5128 126 
5129 126 
5130 127 
5131 128 
5132 127 
5133 126 
5134 125 
5135 125 
5136 126 
5137 126 
5138 127 
5139 126 
5140 125 
5141 124 
5142 124 
5143 125 
5144 127 
5145 127 
5146 126 
5147 125 
5148 125 
5149 125 
5150 127 
5151 128 
5152 128 
5153 127 
5154 126 
5155 126 
5156 127 
5157 128 
5158 129 
5159 129 
5160 128 
5161 127 
5162 127 
5163 128 
5164 129 
5165 130 
5166 130 
5167 129 
5168 127 
5169 127 
5170 128 
5171 129 
5172 129 
5173 129 
5174 128 
5175 126 
5176 126 
5177 127 
5178 128 
5179 128 
5180 127 
5181 126 
5182 125 
5183 125 
5184 126 
5185 126 
5186 126 
5187 125 
5188 125 
5189 124 
5190 125 
5191 126 
5192 126 
5193 126 
5194 125 
5195 125 
5196 125 
5197 126 
5198 127 
5199 127 
5200 127 
5201 126 
5202 126 
5203 126 
5204 128 
5205 129 
5206 129 
5207 128 
5208 127 
5209 127 
5210 128 
5211 129 
5212 130 
5213 130 
5214 129 
5215 128 
5216 128 
5217 129 
5218 130 
5219 130 
5220 129 
5221 128 
5222 127 
5223 127 
5224 128 
5225 129 
5226 129 
5227 128 
5228 126 
5229 125 
5230 125 
5231 126 
5232 127 
5233 127 
5234 126 
5235 125 
5236 124 
5237 125 
5238 125 
5239 126 
5240 126 
5241 125 
5242 124 
5243 124 
5244 125 
5245 126 
5246 127 
5247 126 
5248 126 
5249 125 
5250 126 
5251 127 
5252 128 
5253 128 
5254 127 
5255 127 
5256 127 
5257 128 
5258 129 
5259 129 
5260 129 
5261 128 
5262 128 
5263 128 
5264 129 
5265 130 
5266 130 
5267 129 
5268 128 
5269 127 
5270 127 
5271 128 
5272 129 
5273 129 
5274 128 
5275 127 
5276 126 
5277 126 
5278 127 
5279 128 
5280 128 
5281 127 
5282 125 
5283 125 
5284 125 
5285 126 
5286 127 
5287 126 
5288 125 
5289 124 
5290 124 
5291 125 
5292 126 
5293 127 
5294 126 
5295 125 
5296 125 
5297 125 
5298 126 
5299 127 
5300 128 
5301 127 
5302 126 
5303 126 
5304 126 
5305 127 
5306 128 
5307 129 
5308 128 
5309 128 
5310 128 
5311 128 
5312 129 
5313 129 
5314 129 
5315 128 
5316 128 
5317 128 
5318 128 
5319 129 
5320 129 
5321 128 
5322 127 
5323 127 
5324 127 
5325 128 
5326 128 
5327 128 
5328 127 
5329 126 
5330 125 
5331 126 
5332 127 
5333 127 
5334 127 
5335 126 
5336 125 
5337 124 
5338 125 
5339 126 
5340 127 
5341 127 
5342 125 
5343 125 
5344 125 
5345 126 
5346 127 
5347 128 
5348 127 
5349 126 
5350 125 
5351 126 
5352 127 
5353 128 
5354 128 
5355 128 
5356 127 
5357 127 
5358 127 
5359 128 
5360 129 
5361 129 
5362 128 
5363 127 
5364 127 
5365 128 
5366 129 
5367 129 
5368 129 
5369 128 
5370 127 
5371 127 
5372 127 
5373 128 
5374 128 
5375 128 
5376 127 
5377 126 
5378 126 
5379 127 
5380 127 
5381 127 
5382 126 
5383 125 
5384 125 
5385 126 
5386 127 
5387 127 
5388 127 
5389 126 
5390 125 
5391 125 
5392 126 
5393 127 
5394 128 
5395 127 
5396 126 
5397 125 
5398 126 
5399 127 
5400 128 
5401 128 
5402 128 
5403 127 
5404 126 
5405 127 
5406 128 
5407 129 
5408 129 
5409 128 
5410 127 
5411 127 
5412 127 
5413 128 
5414 129 
5415 129 
5416 128 
5417 127 
5418 126 
5419 127 
5420 128 
5421 128 
5422 128 
5423 127 
5424 126 
5425 126 
5426 127 
5427 127 
5428 127 
5429 127 
5430 126 
5431 125 
5432 125 
5433 126 
5434 127 
5435 127 
5436 126 
5437 125 
5438 125 
5439 126 
5440 127 
5441 127 
5442 127 
5443 126 
5444 126 
5445 126 
5446 127 
5447 128 
5448 128 
5449 128 
5450 127 
5451 126 
5452 127 
5453 128 
5454 129 
5455 129 
5456 128 
5457 127 
5458 127 
5459 127 
5460 129 
5461 129 
5462 129 
5463 128 
5464 126 
5465 126 
5466 127 
5467 128 
5468 128 
5469 128 
5470 127 
5471 125 
5472 125 
5473 126 
5474 127 
5475 127 
5476 127 
5477 126 
5478 125 
5479 125 
5480 126 
5481 127 
5482 127 
5483 126 
5484 125 
5485 125 
5486 126 
5487 127 
5488 127 
5489 127 
5490 127 
5491 126 
5492 126 
5493 127 
5494 128 
5495 128 
5496 128 
5497 127 
5498 127 
5499 127 
5500 128 
5501 129 
5502 129 
5503 128 
5504 128 
5505 127 
5506 128 
5507 129 
5508 129 
5509 129 
5510 128 
5511 127 
5512 127 
5513 127 
5514 128 
5515 128 
5516 128 
5517 127 
5518 126 
5519 126 
5520 126 
5521 127 
5522 128 
5523 127 
5524 125 
5525 124 
5526 125 
5527 126 
5528 127 
5529 127 
5530 126 
5531 125 
5532 124 
5533 125 
5534 126 
5535 127 
5536 127 
5537 126 
5538 126 
5539 125 
5540 126 
5541 127 
5542 128 
5543 128 
5544 127 
5545 127 
5546 127 
5547 128 
5548 129 
5549 129 
5550 129 
5551 128 
5552 128 
5553 128 
5554 129 
5555 129 
5556 129 
5557 129 
5558 128 
5559 127 
5560 128 
5561 128 
5562 129 
5563 128 
5564 127 
5565 126 
5566 126 
5567 127 
5568 127 
5569 127 
5570 127 
5571 126 
5572 125 
5573 125 
5574 126 
5575 127 
5576 127 
5577 126 
5578 125 
5579 124 
5580 125 
5581 126 
5582 127 
5583 127 
5584 126 
5585 125 
5586 125 
5587 126 
5588 127 
5589 128 
5590 128 
5591 127 
5592 126 
5593 126 
5594 127 
5595 128 
5596 129 
5597 129 
5598 128 
5599 127 
5600 127 
5601 128 
5602 129 
5603 130 
5604 129 
5605 128 
5606 127 
5607 128 
5608 128 
5609 129 
5610 129 
5611 128 
5612 127 
5613 126 
5614 127 
5615 127 
5616 128 
5617 127 
5618 126 
5619 125 
5620 125 
5621 126 
5622 127 
5623 127 
5624 126 
5625 125 
5626 124 
5627 125 
5628 126 
5629 126 
5630 126 
5631 126 
5632 125 
5633 125 
5634 126 
5635 127 
5636 127 
5637 127 
5638 127 
5639 126 
5640 126 
5641 127 
5642 128 
5643 129 
5644 128 
5645 127 
5646 127 
5647 127 
5648 128 
5649 130 
5650 130 
5651 129 
5652 128 
5653 127 
5654 128 
5655 129 
5656 130 
5657 129 
5658 129 
5659 127 
5660 127 
5661 127 
5662 128 
5663 128 
5664 128 
5665 127 
5666 126 
5667 125 
5668 126 
5669 127 
5670 127 
5671 126 
5672 126 
5673 125 
5674 125 
5675 125 
5676 126 
5677 126 
5678 126 
5679 125 
5680 125 
5681 125 
5682 126 
5683 127 
5684 127 
5685 126 
5686 126 
5687 126 
5688 127 
5689 128 
5690 128 
5691 128 
5692 127 
5693 127 
5694 127 
5695 128 
5696 129 
5697 129 
5698 129 
5699 128 
5700 128 
5701 128 
5702 129 
5703 130 
5704 130 
5705 129 
5706 128 
5707 127 
5708 127 
5709 128 
5710 129 
5711 129 
5712 127 
5713 126 
5714 126 
5715 126 
5716 127 
5717 128 
5718 127 
5719 126 
5720 125 
5721 125 
5722 125 
5723 126 
5724 127 
5725 126 
5726 125 
5727 124 
5728 124 
5729 125 
5730 126 
5731 127 
5732 126 
5733 126 
5734 125 
5735 126 
5736 127 
5737 127 
5738 128 
5739 127 
5740 127 
5741 127 
5742 127 
5743 128 
5744 129 
5745 129 
5746 128 
5747 128 
5748 128 
5749 129 
5750 129 
5751 129 
5752 129 
5753 128 
5754 127 
5755 128 
5756 129 
5757 129 
5758 129 
5759 128 
5760 127 
5761 126 
5762 127 
5763 128 
5764 128 
5765 127 
5766 126 
5767 125 
5768 125 
5769 126 
5770 127 
5771 127 
5772 126 
5773 125 
5774 124 
5775 125 
5776 126 
5777 127 
5778 127 
5779 126 
5780 125 
5781 125 
5782 125 
5783 126 
5784 127 
5785 128 
5786 127 
5787 126 
5788 126 
5789 126 
5790 128 
5791 128 
5792 129 
5793 128 
5794 127 
5795 127 
5796 128 
5797 129 
5798 129 
5799 129 
5800 128 
5801 127 
5802 128 
5803 128 
5804 129 
5805 129 
5806 128 
5807 127 
5808 127 
5809 127 
5810 128 
5811 128 
5812 128 
5813 127 
5814 126 
5815 126 
5816 126 
5817 127 
5818 127 
5819 127 
5820 126 
5821 125 
5822 125 
5823 126 
5824 127 
5825 127 
5826 126 
5827 125 
5828 125 
5829 125 
5830 126 
5831 127 
5832 128 
5833 127 
5834 126 
5835 126 
5836 126 
5837 127 
5838 128 
5839 128 
5840 127 
5841 127 
5842 127 
5843 127 
5844 129 
5845 129 
5846 129 
5847 128 
5848 127 
5849 127 
5850 128 
5851 129 
5852 129 
5853 128 
5854 127 
5855 127 
5856 127 
5857 127 
5858 128 
5859 128 
5860 127 
5861 126 
5862 126 
5863 126 
5864 127 
5865 127 
5866 127 
5867 126 
5868 125 
5869 125 
5870 126 
5871 127 
5872 127 
5873 126 
5874 126 
5875 125 
5876 126 
5877 127 
5878 127 
5879 127 
5880 127 
5881 126 
5882 126 
5883 126 
5884 128 
5885 128 
5886 128 
5887 127 
5888 127 
5889 127 
5890 127 
5891 129 
5892 129 
5893 129 
5894 128 
5895 127 
5896 127 
5897 128 
5898 129 
5899 129 
5900 128 
5901 127 
5902 126 
5903 126 
5904 127 
5905 128 
5906 128 
5907 127 
5908 126 
5909 126 
5910 126 
5911 127 
5912 127 
5913 127 
5914 126 
5915 125 
5916 125 
5917 125 
5918 126 
5919 127 
5920 127 
5921 126 
5922 125 
5923 125 
5924 126 
5925 127 
5926 127 
5927 127 
5928 126 
5929 126 
5930 126 
5931 127 
5932 128 
5933 128 
5934 128 
5935 127 
5936 127 
5937 128 
5938 129 
5939 129 
5940 129 
5941 128 
5942 127 
5943 127 
5944 128 
5945 129 
5946 129 
5947 128 
5948 127 
5949 127 
5950 127 
5951 127 
5952 128 
5953 128 
5954 127 
5955 126 
5956 126 
5957 126 
5958 127 
5959 127 
5960 127 
5961 126 
5962 125 
5963 125 
5964 125 
5965 126 
5966 127 
5967 126 
5968 126 
5969 125 
5970 125 
5971 125 
5972 127 
5973 127 
5974 127 
5975 126 
5976 126 
5977 126 
5978 127 
5979 128 
5980 128 
5981 128 
5982 127 
5983 127 
5984 127 
5985 128 
5986 129 
5987 129 
5988 128 
5989 128 
5990 128 
5991 128 
5992 129 
5993 129 
5994 129 
5995 128 
5996 127 
5997 127 
5998 128 
5999 128 
6000 128 
6001 128 
6002 127 
6003 127 
6004 125 
6005 127 
6006 129 
6007 130 
6008 129 
6009 127 
6010 126 
6011 127 
6012 129 
6013 130 
6014 128 
6015 125 
6016 123 
6017 122 
6018 123 
6019 125 
6020 126 
6021 125 
6022 123 
6023 122 
6024 123 
6025 125 
6026 127 
6027 128 
6028 126 
6029 124 
6030 124 
6031 126 
6032 128 
6033 129 
6034 129 
6035 127 
6036 126 
6037 127 
6038 129 
6039 131 
6040 131 
6041 129 
6042 128 
6043 128 
6044 129 
6045 131 
6046 131 
6047 130 
6048 128 
6049 128 
6050 128 
6051 129 
6052 130 
6053 129 
6054 127 
6055 126 
6056 126 
6057 127 
6058 127 
6059 127 
6060 126 
6061 125 
6062 124 
6063 125 
6064 125 
6065 125 
6066 125 
6067 124 
6068 124 
6069 124 
6070 125 
6071 125 
6072 125 
6073 125 
6074 125 
6075 125 
6076 126 
6077 126 
6078 126 
6079 126 
6080 126 
6081 127 
6082 129 
6083 129 
6084 128 
6085 128 
6086 128 
6087 129 
6088 130 
6089 131 
6090 131 
6091 129 
6092 128 
6093 129 
6094 130 
6095 131 
6096 131 
6097 129 
6098 127 
6099 127 
6100 128 
6101 129 
6102 130 
6103 128 
6104 126 
6105 124 
6106 125 
6107 126 
6108 127 
6109 127 
6110 125 
6111 123 
6112 122 
6113 124 
6114 126 
6115 126 
6116 125 
6117 123 
6118 122 
6119 123 
6120 125 
6121 127 
6122 127 
6123 125 
6124 124 
6125 124 
6126 126 
6127 129 
6128 130 
6129 128 
6130 126 
6131 126 
6132 127 
6133 130 
6134 132 
6135 131 
6136 129 
6137 128 
6138 128 
6139 130 
6140 132 
6141 132 
6142 131 
6143 128 
6144 127 
6145 128 
6146 129 
6147 131 
6148 130 
6149 127 
6150 126 
6151 125 
6152 126 
6153 128 
6154 128 
6155 126 
6156 124 
6157 123 
6158 124 
6159 125 
6160 126 
6161 125 
6162 124 
6163 123 
6164 123 
6165 124 
6166 125 
6167 126 
6168 125 
6169 124 
6170 124 
6171 126 
6172 127 
6173 127 
6174 127 
6175 126 
6176 126 
6177 127 
6178 129 
6179 129 
6180 129 
6181 129 
6182 129 
6183 129 
6184 130 
6185 131 
6186 130 
6187 130 
6188 129 
6189 129 
6190 130 
6191 130 
6192 129 
6193 128 
6194 128 
6195 128 
6196 128 
6197 128 
6198 128 
6199 126 
6200 125 
6201 125 
6202 126 
6203 127 
6204 126 
6205 125 
6206 123 
6207 123 
6208 124 
6209 126 
6210 126 
6211 125 
6212 123 
6213 123 
6214 124 
6215 126 
6216 127 
6217 127 
6218 126 
6219 124 
6220 124 
6221 126 
6222 129 
6223 129 
6224 128 
6225 127 
6226 126 
6227 127 
6228 130 
6229 131 
6230 131 
6231 129 
6232 128 
6233 128 
6234 129 
6235 131 
6236 132 
6237 130 
6238 128 
6239 127 
6240 128 
6241 129 
6242 130 
6243 129 
6244 127 
6245 125 
6246 125 
6247 127 
6248 128 
6249 128 
6250 126 
6251 124 
6252 123 
6253 124 
6254 126 
6255 127 
6256 126 
6257 124 
6258 123 
6259 123 
6260 125 
6261 127 
6262 127 
6263 126 
6264 124 
6265 124 
6266 125 
6267 127 
6268 129 
6269 128 
6270 127 
6271 126 
6272 127 
6273 128 
6274 130 
6275 130 
6276 129 
6277 128 
6278 128 
6279 129 
6280 130 
6281 130 
6282 130 
6283 129 
6284 128 
6285 128 
6286 129 
6287 129 
6288 129 
6289 127 
6290 127 
6291 127 
6292 127 
6293 128 
6294 127 
6295 126 
6296 125 
6297 125 
6298 126 
6299 126 
6300 126 
6301 125 
6302 124 
6303 124 
6304 125 
6305 126 
6306 126 
6307 125 
6308 125 
6309 125 
6310 126 
6311 127 
6312 127 
6313 126 
6314 126 
6315 126 
6316 127 
6317 128 
6318 129 
6319 128 
6320 127 
6321 127 
6322 128 
6323 129 
6324 130 
6325 130 
6326 129 
6327 127 
6328 127 
6329 129 
6330 130 
6331 130 
6332 129 
6333 127 
6334 126 
6335 127 
6336 129 
6337 130 
6338 129 
6339 126 
6340 124 
6341 124 
6342 126 
6343 128 
6344 128 
6345 126 
6346 124 
6347 123 
6348 124 
6349 126 
6350 127 
6351 127 
6352 125 
6353 123 
6354 124 
6355 126 
6356 128 
6357 128 
6358 126 
6359 125 
6360 124 
6361 126 
6362 128 
6363 129 
6364 129 
6365 127 
6366 126 
6367 127 
6368 129 
6369 130 
6370 131 
6371 129 
6372 127 
6373 127 
6374 128 
6375 130 
6376 131 
6377 130 
6378 128 
6379 126 
6380 127 
6381 128 
6382 129 
6383 129 
6384 127 
6385 126 
6386 125 
6387 126 
6388 127 
6389 127 
6390 126 
6391 125 
6392 124 
6393 125 
6394 126 
6395 126 
6396 126 
6397 125 
6398 124 
6399 125 
6400 126 
6401 126 
6402 126 
6403 126 
6404 125 
6405 126 
6406 126 
6407 127 
6408 127 
6409 127 
6410 127 
6411 127 
6412 128 
6413 129 
6414 129 
6415 128 
6416 128 
6417 128 
6418 129 
6419 129 
6420 130 
6421 129 
6422 128 
6423 127 
6424 128 
6425 129 
6426 129 
6427 129 
6428 127 
6429 127 
6430 127 
6431 128 
6432 128 
6433 128 
6434 126 
6435 125 
6436 125 
6437 126 
6438 127 
6439 127 
6440 126 
6441 124 
6442 124 
6443 125 
6444 127 
6445 127 
6446 127 
6447 125 
6448 124 
6449 124 
6450 126 
6451 128 
6452 128 
6453 127 
6454 125 
6455 125 
6456 126 
6457 128 
6458 130 
6459 129 
6460 127 
6461 126 
6462 126 
6463 128 
6464 130 
6465 130 
6466 129 
6467 127 
6468 126 
6469 127 
6470 129 
6471 130 
6472 129 
6473 127 
6474 126 
6475 126 
6476 128 
6477 129 
6478 129 
6479 127 
6480 125 
6481 125 
6482 126 
6483 128 
6484 128 
6485 127 
6486 125 
6487 124 
6488 125 
6489 127 
6490 128 
6491 127 
6492 126 
6493 125 
6494 125 
6495 126 
6496 127 
6497 128 
6498 127 
6499 126 
6500 125 
6501 126 
6502 127 
6503 128 
6504 128 
6505 127 
6506 126 
6507 126 
6508 128 
6509 129 
6510 129 
6511 128 
6512 127 
6513 127 
6514 127 
6515 128 
6516 128 
6517 128 
6518 127 
6519 127 
6520 127 
6521 128 
6522 128 
6523 127 
6524 127 
6525 126 
6526 127 
6527 127 
6528 128 
6529 127 
6530 126 
6531 126 
6532 126 
6533 127 
6534 128 
6535 127 
6536 126 
6537 125 
6538 126 
6539 127 
6540 128 
6541 128 
6542 127 
6543 126 
6544 126 
6545 127 
6546 128 
6547 128 
6548 127 
6549 126 
6550 126 
6551 126 
6552 128 
6553 129 
6554 128 
6555 127 
6556 126 
6557 126 
6558 128 
6559 129 
6560 129 
6561 127 
6562 126 
6563 125 
6564 127 
6565 128 
6566 129 
6567 128 
6568 126 
6569 125 
6570 125 
6571 127 
6572 129 
6573 129 
6574 127 
6575 125 
6576 125 
6577 126 
6578 128 
6579 129 
6580 128 
6581 126 
6582 125 
6583 125 
6584 127 
6585 129 
6586 129 
6587 127 
6588 125 
6589 125 
6590 127 
6591 129 
6592 129 
6593 128 
6594 126 
6595 125 
6596 126 
6597 128 
6598 129 
6599 129 
6600 127 
6601 126 
6602 126 
6603 127 
6604 128 
6605 128 
6606 127 
6607 126 
6608 125 
6609 126 
6610 127 
6611 128 
6612 128 
6613 126 
6614 125 
6615 125 
6616 127 
6617 128 
6618 128 
6619 127 
6620 126 
6621 125 
6622 126 
6623 127 
6624 128 
6625 127 
6626 126 
6627 126 
6628 127 
6629 128 
6630 128 
6631 128 
6632 127 
6633 127 
6634 127 
6635 128 
6636 128 
6637 128 
6638 127 
6639 127 
6640 127 
6641 128 
6642 128 
6643 128 
6644 127 
6645 127 
6646 127 
6647 127 
6648 128 
6649 128 
6650 127 
6651 126 
6652 126 
6653 126 
6654 127 
6655 128 
6656 127 
6657 125 
6658 125 
6659 126 
6660 127 
6661 128 
6662 127 
6663 126 
6664 125 
6665 125 
6666 126 
6667 128 
6668 128 
6669 127 
6670 125 
6671 125 
6672 126 
6673 128 
6674 129 
6675 128 
6676 127 
6677 126 
6678 127 
6679 128 
6680 130 
6681 129 
6682 128 
6683 126 
6684 126 
6685 128 
6686 130 
6687 130 
6688 129 
6689 127 
6690 126 
6691 127 
6692 128 
6693 129 
6694 129 
6695 127 
6696 125 
6697 125 
6698 126 
6699 128 
6700 128 
6701 127 
6702 125 
6703 124 
6704 125 
6705 127 
6706 128 
6707 127 
6708 126 
6709 124 
6710 124 
6711 126 
6712 127 
6713 128 
6714 127 
6715 125 
6716 125 
6717 126 
6718 127 
6719 128 
6720 128 
6721 127 
6722 126 
6723 127 
6724 128 
6725 129 
6726 129 
6727 128 
6728 127 
6729 127 
6730 128 
6731 129 
6732 130 
6733 129 
6734 128 
6735 127 
6736 128 
6737 129 
6738 129 
6739 128 
6740 127 
6741 126 
6742 126 
6743 127 
6744 128 
6745 127 
6746 126 
6747 126 
6748 125 
6749 126 
6750 127 
6751 126 
6752 126 
6753 125 
6754 125 
6755 125 
6756 126 
6757 126 
6758 126 
6759 125 
6760 125 
6761 126 
6762 127 
6763 127 
6764 127 
6765 126 
6766 126 
6767 127 
6768 128 
6769 129 
6770 128 
6771 127 
6772 127 
6773 127 
6774 128 
6775 130 
6776 130 
6777 129 
6778 127 
6779 127 
6780 128 
6781 129 
6782 130 
6783 129 
6784 127 
6785 126 
6786 127 
6787 128 
6788 129 
6789 128 
6790 127 
6791 125 
6792 125 
6793 126 
6794 127 
6795 128 
6796 126 
6797 125 
6798 124 
6799 125 
6800 126 
6801 127 
6802 127 
6803 125 
6804 124 
6805 124 
6806 126 
6807 127 
6808 128 
6809 127 
6810 125 
6811 125 
6812 126 
6813 128 
6814 129 
6815 129 
6816 127 
6817 126 
6818 126 
6819 128 
6820 130 
6821 130 
6822 129 
6823 127 
6824 127 
6825 128 
6826 129 
6827 130 
6828 130 
6829 128 
6830 127 
6831 127 
6832 128 
6833 129 
6834 129 
6835 127 
6836 126 
6837 125 
6838 126 
6839 127 
6840 127 
6841 126 
6842 125 
6843 124 
6844 125 
6845 126 
6846 126 
6847 126 
6848 125 
6849 124 
6850 125 
6851 126 
6852 127 
6853 127 
6854 126 
6855 125 
6856 126 
6857 127 
6858 128 
6859 128 
6860 128 
6861 127 
6862 127 
6863 128 
6864 129 
6865 129 
6866 129 
6867 128 
6868 128 
6869 128 
6870 129 
6871 130 
6872 129 
6873 128 
6874 128 
6875 128 
6876 129 
6877 129 
6878 129 
6879 127 
6880 126 
6881 126 
6882 127 
6883 128 
6884 127 
6885 126 
6886 125 
6887 125 
6888 125 
6889 126 
6890 127 
6891 126 
6892 124 
6893 123 
6894 124 
6895 126 
6896 127 
6897 126 
6898 125 
6899 124 
6900 124 
6901 126 
6902 128 
6903 128 
6904 127 
6905 126 
6906 126 
6907 127 
6908 128 
6909 130 
6910 130 
6911 128 
6912 127 
6913 127 
6914 129 
6915 130 
6916 131 
6917 130 
6918 128 
6919 127 
6920 128 
6921 130 
6922 130 
6923 130 
6924 128 
6925 126 
6926 126 
6927 128 
6928 129 
6929 128 
6930 127 
6931 125 
6932 124 
6933 125 
6934 127 
6935 127 
6936 126 
6937 124 
6938 123 
6939 124 
6940 125 
6941 126 
6942 126 
6943 125 
6944 124 
6945 124 
6946 125 
6947 127 
6948 127 
6949 127 
6950 126 
6951 125 
6952 126 
6953 128 
6954 129 
6955 129 
6956 128 
6957 127 
6958 128 
6959 129 
6960 130 
6961 130 
6962 129 
6963 129 
6964 128 
6965 129 
6966 130 
6967 130 
6968 129 
6969 128 
6970 128 
6971 128 
6972 129 
6973 129 
6974 128 
6975 127 
6976 126 
6977 126 
6978 127 
6979 127 
6980 126 
6981 125 
6982 125 
6983 124 
6984 125 
6985 126 
6986 126 
6987 125 
6988 124 
6989 124 
6990 125 
6991 126 
6992 126 
6993 126 
6994 125 
6995 125 
6996 126 
6997 127 
6998 128 
6999 127 
7000 127 
7001 126 
7002 127 
7003 128 
7004 130 
7005 130 
7006 128 
7007 128 
7008 128 
7009 129 
7010 130 
7011 131 
7012 130 
7013 128 
7014 127 
7015 128 
7016 129 
7017 130 
7018 129 
7019 128 
7020 126 
7021 126 
7022 127 
7023 128 
7024 128 
7025 127 
7026 125 
7027 124 
7028 125 
7029 126 
7030 127 
7031 126 
7032 124 
7033 123 
7034 123 
7035 125 
7036 126 
7037 126 
7038 125 
7039 124 
7040 124 
7041 125 
7042 127 
7043 128 
7044 127 
7045 126 
7046 125 
7047 126 
7048 128 
7049 129 
7050 129 
7051 128 
7052 127 
7053 127 
7054 129 
7055 130 
7056 131 
7057 130 
7058 128 
7059 128 
7060 128 
7061 129 
7062 130 
7063 130 
7064 128 
7065 127 
7066 127 
7067 128 
7068 128 
7069 128 
7070 127 
7071 126 
7072 125 
7073 126 
7074 127 
7075 127 
7076 126 
7077 125 
7078 124 
7079 125 
7080 125 
7081 126 
7082 126 
7083 125 
7084 124 
7085 125 
7086 126 
7087 126 
7088 126 
7089 126 
7090 125 
7091 126 
7092 127 
7093 128 
7094 128 
7095 127 
7096 127 
7097 127 
7098 128 
7099 129 
7100 130 
7101 129 
7102 128 
7103 128 
7104 128 
7105 129 
7106 130 
7107 129 
7108 128 
7109 127 
7110 128 
7111 128 
7112 129 
7113 129 
7114 127 
7115 126 
7116 126 
7117 127 
7118 128 
7119 128 
7120 126 
7121 125 
7122 124 
7123 125 
7124 126 
7125 127 
7126 126 
7127 125 
7128 124 
7129 124 
7130 126 
7131 127 
7132 127 
7133 126 
7134 125 
7135 124 
7136 126 
7137 127 
7138 128 
7139 128 
7140 126 
7141 126 
7142 126 
7143 128 
7144 130 
7145 130 
7146 128 
7147 127 
7148 127 
7149 128 
7150 130 
7151 130 
7152 129 
7153 128 
7154 127 
7155 127 
7156 129 
7157 130 
7158 129 
7159 128 
7160 126 
7161 126 
7162 127 
7163 128 
7164 128 
7165 127 
7166 125 
7167 125 
7168 125 
7169 126 
7170 127 
7171 126 
7172 125 
7173 124 
7174 124 
7175 126 
7176 127 
7177 127 
7178 126 
7179 125 
7180 125 
7181 126 
7182 127 
7183 128 
7184 127 
7185 126 
7186 126 
7187 127 
7188 128 
7189 129 
7190 129 
7191 128 
7192 127 
7193 128 
7194 128 
7195 129 
7196 129 
7197 128 
7198 128 
7199 128 
7200 128 
7201 129 
7202 129 
7203 128 
7204 127 
7205 127 
7206 127 
7207 128 
7208 128 
7209 127 
7210 126 
7211 126 
7212 126 
7213 127 
7214 127 
7215 126 
7216 125 
7217 125 
7218 125 
7219 126 
7220 127 
7221 127 
7222 126 
7223 125 
7224 125 
7225 126 
7226 127 
7227 128 
7228 127 
7229 126 
7230 125 
7231 126 
7232 128 
7233 129 
7234 128 
7235 127 
7236 127 
7237 127 
7238 128 
7239 129 
7240 130 
7241 128 
7242 127 
7243 127 
7244 128 
7245 129 
7246 130 
7247 129 
7248 127 
7249 126 
7250 127 
7251 128 
7252 129 
7253 129 
7254 127 
7255 125 
7256 125 
7257 126 
7258 128 
7259 128 
7260 127 
7261 125 
7262 124 
7263 125 
7264 126 
7265 127 
7266 127 
7267 126 
7268 124 
7269 125 
7270 126 
7271 127 
7272 128 
7273 127 
7274 126 
7275 125 
7276 126 
7277 128 
7278 129 
7279 128 
7280 127 
7281 126 
7282 127 
7283 128 
7284 129 
7285 129 
7286 128 
7287 127 
7288 127 
7289 128 
7290 129 
7291 129 
7292 129 
7293 127 
7294 127 
7295 127 
7296 128 
7297 129 
7298 128 
7299 127 
7300 126 
7301 126 
7302 127 
7303 127 
7304 127 
7305 126 
7306 125 
7307 125 
7308 126 
7309 126 
7310 127 
7311 126 
7312 125 
7313 125 
7314 126 
7315 126 
7316 127 
7317 127 
7318 126 
7319 126 
7320 126 
7321 127 
7322 128 
7323 128 
7324 127 
7325 126 
7326 127 
7327 128 
7328 129 
7329 129 
7330 128 
7331 127 
7332 127 
7333 128 
7334 129 
7335 129 
7336 128 
7337 127 
7338 127 
7339 127 
7340 128 
7341 129 
7342 128 
7343 127 
7344 126 
7345 126 
7346 127 
7347 128 
7348 128 
7349 127 
7350 125 
7351 125 
7352 126 
7353 127 
7354 128 
7355 127 
7356 125 
7357 125 
7358 125 
7359 127 
7360 128 
7361 128 
7362 126 
7363 125 
7364 125 
7365 126 
7366 128 
7367 128 
7368 127 
7369 126 
7370 126 
7371 126 
7372 128 
7373 129 
7374 129 
7375 127 
7376 126 
7377 126 
7378 128 
7379 129 
7380 129 
7381 128 
7382 127 
7383 126 
7384 127 
7385 128 
7386 129 
7387 128 
7388 127 
7389 126 
7390 126 
7391 127 
7392 128 
7393 128 
7394 127 
7395 126 
7396 125 
7397 126 
7398 127 
7399 128 
7400 127 
7401 126 
7402 125 
7403 126 
7404 127 
7405 128 
7406 127 
7407 126 
7408 126 
7409 126 
7410 127 
7411 128 
7412 128 
7413 127 
7414 126 
7415 126 
7416 127 
7417 128 
7418 129 
7419 128 
7420 127 
7421 127 
7422 127 
7423 128 
7424 129 
7425 128 
7426 127 
7427 127 
7428 127 
7429 127 
7430 128 
7431 128 
7432 127 
7433 126 
7434 126 
7435 127 
7436 127 
7437 127 
7438 127 
7439 126 
7440 126 
7441 126 
7442 127 
7443 127 
7444 127 
7445 126 
7446 125 
7447 126 
7448 127 
7449 128 
7450 127 
7451 126 
7452 126 
7453 126 
7454 127 
7455 128 
7456 128 
7457 127 
7458 126 
7459 126 
7460 127 
7461 128 
7462 129 
7463 128 
7464 127 
7465 127 
7466 127 
7467 128 
7468 129 
7469 129 
7470 128 
7471 127 
7472 126 
7473 127 
7474 128 
7475 129 
7476 128 
7477 126 
7478 125 
7479 126 
7480 127 
7481 128 
7482 127 
7483 126 
7484 125 
7485 125 
7486 126 
7487 127 
7488 127 
7489 126 
7490 125 
7491 124 
7492 125 
7493 127 
7494 128 
7495 127 
7496 126 
7497 125 
7498 126 
7499 127 
7500 128 
7501 129 
7502 127 
7503 126 
7504 126 
7505 127 
7506 129 
7507 129 
7508 129 
7509 127 
7510 127 
7511 127 
7512 129 
7513 129 
7514 129 
7515 128 
7516 127 
7517 127 
7518 128 
7519 128 
7520 128 
7521 128 
7522 126 
7523 126 
7524 126 
7525 127 
7526 128 
7527 127 
7528 126 
7529 125 
7530 125 
7531 126 
7532 127 
7533 126 
7534 126 
7535 125 
7536 125 
7537 126 
7538 127 
7539 127 
7540 126 
7541 125 
7542 126 
7543 126 
7544 127 
7545 128 
7546 127 
7547 127 
7548 127 
7549 127 
7550 128 
7551 129 
7552 128 
7553 128 
7554 127 
7555 128 
7556 129 
7557 129 
7558 129 
7559 128 
7560 127 
7561 127 
7562 128 
7563 129 
7564 129 
7565 128 
7566 127 
7567 126 
7568 127 
7569 128 
7570 128 
7571 127 
7572 126 
7573 125 
7574 125 
7575 126 
7576 127 
7577 127 
7578 126 
7579 124 
7580 124 
7581 125 
7582 127 
7583 127 
7584 126 
7585 125 
7586 124 
7587 125 
7588 127 
7589 128 
7590 128 
7591 127 
7592 126 
7593 126 
7594 127 
7595 129 
7596 129 
7597 128 
7598 127 
7599 127 
7600 128 
7601 129 
7602 130 
7603 129 
7604 128 
7605 127 
7606 127 
7607 129 
7608 130 
7609 129 
7610 128 
7611 127 
7612 126 
7613 127 
7614 128 
7615 128 
7616 127 
7617 126 
7618 125 
7619 125 
7620 127 
7621 127 
7622 127 
7623 126 
7624 125 
7625 124 
7626 125 
7627 126 
7628 127 
7629 126 
7630 125 
7631 125 
7632 125 
7633 126 
7634 127 
7635 127 
7636 126 
7637 126 
7638 126 
7639 127 
7640 128 
7641 128 
7642 128 
7643 127 
7644 127 
7645 128 
7646 129 
7647 129 
7648 129 
7649 128 
7650 128 
7651 128 
7652 129 
7653 129 
7654 129 
7655 128 
7656 127 
7657 127 
7658 128 
7659 128 
7660 128 
7661 127 
7662 126 
7663 126 
7664 127 
7665 127 
7666 127 
7667 126 
7668 125 
7669 125 
7670 125 
7671 126 
7672 126 
7673 126 
7674 125 
7675 124 
7676 125 
7677 126 
7678 127 
7679 126 
7680 126 
7681 125 
7682 126 
7683 127 
7684 128 
7685 128 
7686 127 
7687 126 
7688 127 
7689 128 
7690 129 
7691 129 
7692 129 
7693 128 
7694 127 
7695 128 
7696 129 
7697 130 
7698 130 
7699 128 
7700 127 
7701 127 
7702 128 
7703 129 
7704 129 
7705 128 
7706 126 
7707 126 
7708 126 
7709 128 
7710 128 
7711 127 
7712 126 
7713 125 
7714 125 
7715 126 
7716 127 
7717 127 
7718 125 
7719 124 
7720 124 
7721 125 
7722 126 
7723 127 
7724 126 
7725 125 
7726 125 
7727 125 
7728 127 
7729 128 
7730 128 
7731 127 
7732 126 
7733 126 
7734 128 
7735 129 
7736 129 
7737 128 
7738 127 
7739 127 
7740 128 
7741 129 
7742 130 
7743 129 
7744 128 
7745 128 
7746 128 
7747 129 
7748 129 
7749 129 
7750 128 
7751 127 
7752 127 
7753 127 
7754 128 
7755 128 
7756 127 
7757 126 
7758 125 
7759 126 
7760 126 
7761 126 
7762 126 
7763 125 
7764 124 
7765 125 
7766 126 
7767 126 
7768 126 
7769 125 
7770 125 
7771 125 
7772 126 
7773 127 
7774 127 
7775 127 
7776 126 
7777 126 
7778 127 
7779 128 
7780 129 
7781 128 
7782 127 
7783 127 
7784 128 
7785 129 
7786 130 
7787 129 
7788 128 
7789 128 
7790 128 
7791 129 
7792 130 
7793 129 
7794 128 
7795 127 
7796 127 
7797 128 
7798 128 
7799 128 
7800 127 
7801 126 
7802 125 
7803 126 
7804 127 
7805 127 
7806 127 
7807 125 
7808 124 
7809 124 
7810 125 
7811 126 
7812 126 
7813 125 
7814 124 
7815 124 
7816 125 
7817 126 
7818 127 
7819 127 
7820 126 
7821 125 
7822 126 
7823 127 
7824 128 
7825 128 
7826 127 
7827 127 
7828 127 
7829 128 
7830 129 
7831 130 
7832 129 
7833 128 
7834 128 
7835 128 
7836 129 
7837 130 
7838 130 
7839 128 
7840 127 
7841 127 
7842 128 
7843 129 
7844 129 
7845 128 
7846 126 
7847 126 
7848 126 
7849 127 
7850 128 
7851 127 
7852 125 
7853 125 
7854 125 
7855 126 
7856 126 
7857 126 
7858 125 
7859 124 
7860 124 
7861 125 
7862 126 
7863 127 
7864 126 
7865 125 
7866 125 
7867 126 
7868 127 
7869 128 
7870 127 
7871 127 
7872 126 
7873 127 
7874 128 
7875 129 
7876 129 
7877 128 
7878 128 
7879 128 
7880 129 
7881 130 
7882 130 
7883 129 
7884 128 
7885 128 
7886 128 
7887 129 
7888 129 
7889 128 
7890 127 
7891 127 
7892 127 
7893 128 
7894 128 
7895 127 
7896 126 
7897 125 
7898 125 
7899 126 
7900 127 
7901 126 
7902 125 
7903 124 
7904 124 
7905 125 
7906 126 
7907 126 
7908 126 
7909 125 
7910 125 
7911 125 
7912 127 
7913 127 
7914 127 
7915 126 
7916 126 
7917 126 
7918 127 
7919 128 
7920 129 
7921 128 
7922 127 
7923 127 
7924 128 
7925 129 
7926 130 
7927 129 
7928 128 
7929 127 
7930 128 
7931 129 
7932 130 
7933 129 
7934 128 
7935 127 
7936 127 
7937 127 
7938 128 
7939 129 
7940 128 
7941 126 
7942 125 
7943 126 
7944 127 
7945 127 
7946 127 
7947 126 
7948 124 
7949 124 
7950 125 
7951 126 
7952 127 
7953 126 
7954 125 
7955 124 
7956 125 
7957 127 
7958 127 
7959 127 
7960 126 
7961 125 
7962 126 
7963 127 
7964 128 
7965 128 
7966 127 
7967 127 
7968 127 
7969 128 
7970 129 
7971 129 
7972 129 
7973 128 
7974 127 
7975 128 
7976 129 
7977 129 
7978 129 
7979 128 
7980 127 
7981 127 
7982 128 
7983 128 
7984 128 
7985 127 
7986 126 
7987 126 
7988 127 
7989 127 
7990 127 
7991 126 
7992 125 
7993 125 
7994 125 
7995 126 
7996 126 
7997 126 
7998 125 
7999 125 
8000 125 
8001 126 
8002 127 
8003 128 
8004 124 
8005 125 
8006 128 
8007 130 
8008 130 
8009 128 
8010 128 
8011 129 
8012 131 
8013 131 
8014 129 
8015 127 
8016 126 
8017 127 
8018 127 
8019 126 
8020 125 
8021 125 
8022 126 
8023 127 
8024 127 
8025 126 
8026 125 
8027 125 
8028 127 
8029 128 
8030 127 
8031 125 
8032 124 
8033 126 
8034 129 
8035 129 
8036 127 
8037 125 
8038 124 
8039 127 
8040 130 
8041 130 
8042 128 
8043 125 
8044 125 
8045 127 
8046 130 
8047 130 
8048 127 
8049 125 
8050 125 
8051 127 
8052 130 
8053 129 
8054 127 
8055 125 
8056 125 
8057 127 
8058 129 
8059 128 
8060 126 
8061 125 
8062 126 
8063 127 
8064 128 
8065 127 
8066 126 
8067 126 
8068 127 
8069 128 
8070 127 
8071 126 
8072 126 
8073 127 
8074 129 
8075 128 
8076 127 
8077 126 
8078 127 
8079 129 
8080 130 
8081 129 
8082 126 
8083 125 
8084 127 
8085 129 
8086 130 
8087 128 
8088 125 
8089 125 
8090 127 
8091 129 
8092 130 
8093 127 
8094 124 
8095 124 
8096 126 
8097 129 
8098 129 
8099 126 
8100 124 
8101 124 
8102 126 
8103 128 
8104 128 
8105 125 
8106 124 
8107 125 
8108 127 
8109 129 
8110 128 
8111 126 
8112 125 
8113 127 
8114 129 
8115 129 
8116 128 
8117 127 
8118 127 
8119 128 
8120 130 
8121 129 
8122 128 
8123 127 
8124 128 
8125 129 
8126 129 
8127 128 
8128 127 
8129 127 
8130 128 
8131 129 
8132 128 
8133 126 
8134 125 
8135 126 
8136 128 
8137 128 
8138 126 
8139 124 
8140 123 
8141 125 
8142 128 
8143 128 
8144 125 
8145 123 
8146 123 
8147 126 
8148 129 
8149 128 
8150 125 
8151 123 
8152 124 
8153 128 
8154 130 
8155 130 
8156 127 
8157 125 
8158 126 
8159 129 
8160 131 
8161 130 
8162 128 
8163 127 
8164 128 
8165 130 
8166 131 
8167 129 
8168 128 
8169 127 
8170 128 
8171 129 
8172 128 
8173 127 
8174 126 
8175 127 
8176 128 
8177 127 
8178 125 
8179 124 
8180 125 
8181 126 
8182 127 
8183 126 
8184 123 
8185 123 
8186 124 
8187 127 
8188 127 
8189 125 
8190 123 
8191 123 
8192 126 
8193 129 
8194 129 
8195 127 
8196 125 
8197 125 
8198 128 
8199 131 
8200 130 
8201 128 
8202 126 
8203 127 
8204 130 
8205 132 
8206 131 
8207 128 
8208 127 
8209 128 
8210 130 
8211 131 
8212 129 
8213 127 
8214 126 
8215 127 
8216 129 
8217 128 
8218 127 
8219 125 
8220 125 
8221 126 
8222 127 
8223 126 
8224 124 
8225 124 
8226 125 
8227 126 
8228 126 
8229 125 
8230 124 
8231 124 
8232 126 
8233 127 
8234 127 
8235 125 
8236 125 
8237 126 
8238 129 
8239 129 
8240 128 
8241 126 
8242 126 
8243 129 
8244 131 
8245 131 
8246 128 
8247 127 
8248 128 
8249 130 
8250 132 
8251 131 
8252 128 
8253 126 
8254 127 
8255 130 
8256 131 
8257 129 
8258 126 
8259 124 
8260 125 
8261 128 
8262 129 
8263 127 
8264 124 
8265 123 
8266 124 
8267 126 
8268 126 
8269 125 
8270 123 
8271 123 
8272 125 
8273 126 
8274 126 
8275 125 
8276 125 
8277 126 
8278 127 
8279 128 
8280 127 
8281 126 
8282 127 
8283 129 
8284 130 
8285 129 
8286 127 
8287 127 
8288 129 
8289 131 
8290 131 
8291 129 
8292 127 
8293 127 
8294 129 
8295 131 
8296 130 
8297 127 
8298 125 
8299 125 
8300 128 
8301 130 
8302 128 
8303 125 
8304 123 
8305 124 
8306 127 
8307 128 
8308 126 
8309 124 
8310 122 
8311 124 
8312 126 
8313 127 
8314 126 
8315 124 
8316 124 
8317 125 
8318 127 
8319 128 
8320 126 
8321 125 
8322 126 
8323 128 
8324 129 
8325 129 
8326 127 
8327 127 
8328 129 
8329 130 
8330 130 
8331 129 
8332 128 
8333 128 
8334 130 
8335 130 
8336 129 
8337 127 
8338 127 
8339 128 
8340 129 
8341 129 
8342 127 
8343 125 
8344 125 
8345 127 
8346 128 
8347 127 
8348 125 
8349 123 
8350 124 
8351 126 
8352 128 
8353 126 
8354 124 
8355 122 
8356 124 
8357 127 
8358 128 
8359 127 
8360 124 
8361 124 
8362 126 
8363 129 
8364 129 
8365 128 
8366 125 
8367 126 
8368 128 
8369 130 
8370 130 
8371 129 
8372 127 
8373 127 
8374 129 
8375 130 
8376 130 
8377 128 
8378 127 
8379 128 
8380 129 
8381 129 
8382 128 
8383 127 
8384 127 
8385 128 
8386 128 
8387 127 
8388 125 
8389 125 
8390 126 
8391 128 
8392 127 
8393 125 
8394 123 
8395 124 
8396 126 
8397 128 
8398 127 
8399 125 
8400 123 
8401 125 
8402 128 
8403 129 
8404 128 
8405 125 
8406 124 
8407 126 
8408 129 
8409 130 
8410 129 
8411 126 
8412 125 
8413 127 
8414 130 
8415 130 
8416 128 
8417 126 
8418 126 
8419 128 
8420 129 
8421 129 
8422 127 
8423 126 
8424 126 
8425 128 
8426 128 
8427 127 
8428 126 
8429 125 
8430 126 
8431 128 
8432 127 
8433 126 
8434 125 
8435 126 
8436 127 
8437 128 
8438 127 
8439 125 
8440 125 
8441 127 
8442 128 
8443 128 
8444 127 
8445 125 
8446 126 
8447 128 
8448 129 
8449 129 
8450 126 
8451 125 
8452 126 
8453 129 
8454 130 
8455 128 
8456 126 
8457 125 
8458 127 
8459 129 
8460 130 
8461 127 
8462 125 
8463 125 
8464 127 
8465 129 
8466 129 
8467 126 
8468 124 
8469 125 
8470 127 
8471 128 
8472 128 
8473 126 
8474 124 
8475 125 
8476 127 
8477 129 
8478 128 
8479 126 
8480 126 
8481 127 
8482 128 
8483 129 
8484 128 
8485 127 
8486 127 
8487 128 
8488 129 
8489 128 
8490 127 
8491 127 
8492 128 
8493 129 
8494 129 
8495 127 
8496 126 
8497 126 
8498 128 
8499 129 
8500 128 
8501 125 
8502 124 
8503 125 
8504 128 
8505 129 
8506 127 
8507 124 
8508 123 
8509 125 
8510 128 
8511 128 
8512 126 
8513 124 
8514 123 
8515 126 
8516 128 
8517 129 
8518 127 
8519 125 
8520 125 
8521 128 
8522 130 
8523 129 
8524 128 
8525 126 
8526 127 
8527 129 
8528 130 
8529 129 
8530 128 
8531 127 
8532 128 
8533 130 
8534 129 
8535 128 
8536 127 
8537 127 
8538 128 
8539 129 
8540 127 
8541 126 
8542 125 
8543 126 
8544 128 
8545 127 
8546 125 
8547 124 
8548 124 
8549 126 
8550 127 
8551 126 
8552 124 
8553 123 
8554 124 
8555 127 
8556 128 
8557 126 
8558 124 
8559 124 
8560 126 
8561 129 
8562 129 
8563 127 
8564 126 
8565 126 
8566 128 
8567 131 
8568 131 
8569 128 
8570 127 
8571 128 
8572 130 
8573 131 
8574 131 
8575 128 
8576 127 
8577 128 
8578 130 
8579 130 
8580 129 
8581 127 
8582 126 
8583 127 
8584 128 
8585 128 
8586 126 
8587 125 
8588 125 
8589 126 
8590 126 
8591 125 
8592 124 
8593 123 
8594 125 
8595 126 
8596 126 
8597 124 
8598 123 
8599 124 
8600 127 
8601 128 
8602 127 
8603 125 
8604 125 
8605 127 
8606 129 
8607 130 
8608 128 
8609 126 
8610 127 
8611 129 
8612 132 
8613 132 
8614 129 
8615 127 
8616 127 
8617 130 
8618 132 
8619 131 
8620 128 
8621 126 
8622 127 
8623 129 
8624 130 
8625 129 
8626 126 
8627 125 
8628 125 
8629 127 
8630 127 
8631 126 
8632 124 
8633 123 
8634 124 
8635 126 
8636 125 
8637 124 
8638 123 
8639 124 
8640 125 
8641 126 
8642 125 
8643 125 
8644 125 
8645 126 
8646 128 
8647 128 
8648 127 
8649 126 
8650 127 
8651 129 
8652 130 
8653 130 
8654 128 
8655 127 
8656 129 
8657 131 
8658 132 
8659 130 
8660 127 
8661 127 
8662 129 
8663 131 
8664 130 
8665 128 
8666 126 
8667 126 
8668 128 
8669 129 
8670 128 
8671 126 
8672 124 
8673 124 
8674 126 
8675 127 
8676 126 
8677 124 
8678 123 
8679 124 
8680 126 
8681 127 
8682 125 
8683 124 
8684 124 
8685 126 
8686 127 
8687 127 
8688 126 
8689 125 
8690 126 
8691 128 
8692 129 
8693 128 
8694 127 
8695 127 
8696 129 
8697 130 
8698 130 
8699 129 
8700 128 
8701 128 
8702 130 
8703 130 
8704 129 
8705 127 
8706 127 
8707 128 
8708 130 
8709 129 
8710 127 
8711 125 
8712 125 
8713 127 
8714 129 
8715 128 
8716 125 
8717 123 
8718 124 
8719 126 
8720 128 
8721 127 
8722 124 
8723 123 
8724 124 
8725 127 
8726 128 
8727 127 
8728 125 
8729 124 
8730 126 
8731 128 
8732 129 
8733 128 
8734 126 
8735 126 
8736 128 
8737 129 
8738 129 
8739 128 
8740 127 
8741 128 
8742 129 
8743 129 
8744 128 
8745 127 
8746 127 
8747 128 
8748 129 
8749 128 
8750 127 
8751 126 
8752 127 
8753 128 
8754 128 
8755 127 
8756 125 
8757 124 
8758 126 
8759 128 
8760 128 
8761 126 
8762 124 
8763 124 
8764 126 
8765 128 
8766 128 
8767 126 
8768 124 
8769 125 
8770 127 
8771 129 
8772 128 
8773 126 
8774 125 
8775 126 
8776 129 
8777 130 
8778 129 
8779 127 
8780 126 
8781 127 
8782 129 
8783 129 
8784 128 
8785 126 
8786 126 
8787 128 
8788 129 
8789 128 
8790 127 
8791 126 
8792 126 
8793 128 
8794 128 
8795 127 
8796 125 
8797 125 
8798 126 
8799 127 
8800 127 
8801 126 
8802 125 
8803 126 
8804 127 
8805 128 
8806 127 
8807 126 
8808 126 
8809 127 
8810 129 
8811 129 
8812 127 
8813 126 
8814 126 
8815 128 
8816 130 
8817 129 
8818 127 
8819 126 
8820 127 
8821 129 
8822 130 
8823 129 
8824 126 
8825 125 
8826 126 
8827 129 
8828 129 
8829 127 
8830 125 
8831 124 
8832 126 
8833 128 
8834 128 
8835 126 
8836 124 
8837 124 
8838 126 
8839 127 
8840 127 
8841 126 
8842 125 
8843 125 
8844 127 
8845 128 
8846 127 
8847 126 
8848 126 
8849 127 
8850 128 
8851 128 
8852 127 
8853 127 
8854 128 
8855 129 
8856 130 
8857 128 
8858 127 
8859 127 
8860 129 
8861 130 
8862 130 
8863 128 
8864 126 
8865 126 
8866 128 
8867 129 
8868 128 
8869 126 
8870 124 
8871 125 
8872 127 
8873 128 
8874 127 
8875 125 
8876 123 
8877 125 
8878 127 
8879 128 
8880 126 
8881 124 
8882 124 
8883 125 
8884 127 
8885 128 
8886 126 
8887 125 
8888 126 
8889 127 
8890 129 
8891 128 
8892 127 
8893 126 
8894 127 
8895 129 
8896 130 
8897 129 
8898 128 
8899 128 
8900 129 
8901 130 
8902 129 
8903 128 
8904 127 
8905 128 
8906 129 
8907 129 
8908 128 
8909 126 
8910 126 
8911 127 
8912 128 
8913 128 
8914 126 
8915 124 
8916 124 
8917 126 
8918 127 
8919 126 
8920 124 
8921 123 
8922 124 
8923 127 
8924 128 
8925 126 
8926 124 
8927 124 
8928 126 
8929 128 
8930 129 
8931 127 
8932 126 
8933 126 
8934 128 
8935 130 
8936 130 
8937 128 
8938 127 
8939 127 
8940 129 
8941 131 
8942 130 
8943 128 
8944 127 
8945 128 
8946 129 
8947 129 
8948 128 
8949 127 
8950 126 
8951 127 
8952 128 
8953 127 
8954 126 
8955 125 
8956 125 
8957 127 
8958 127 
8959 125 
8960 124 
8961 124 
8962 125 
8963 127 
8964 126 
8965 124 
8966 123 
8967 124 
8968 127 
8969 128 
8970 127 
8971 125 
8972 125 
8973 126 
8974 129 
8975 130 
8976 129 
8977 127 
8978 126 
8979 128 
8980 131 
8981 131 
8982 129 
8983 127 
8984 127 
8985 129 
8986 131 
8987 130 
8988 128 
8989 127 
8990 127 
8991 128 
8992 129 
8993 128 
8994 126 
8995 125 
8996 126 
8997 127 
8998 127 
8999 126 
9000 124 
9001 124 
9002 125 
9003 126 
9004 126 
9005 124 
9006 124 
9007 125 
9008 126 
9009 127 
9010 126 
9011 125 
9012 125 
9013 127 
9014 128 
9015 128 
9016 127 
9017 126 
9018 127 
9019 129 
9020 130 
9021 130 
9022 128 
9023 127 
9024 128 
9025 130 
9026 131 
9027 129 
9028 127 
9029 127 
9030 128 
9031 130 
9032 130 
9033 127 
9034 125 
9035 125 
9036 127 
9037 128 
9038 128 
9039 125 
9040 124 
9041 124 
9042 126 
9043 127 
9044 126 
9045 124 
9046 123 
9047 125 
9048 126 
9049 127 
9050 126 
9051 125 
9052 125 
9053 126 
9054 128 
9055 127 
9056 127 
9057 126 
9058 127 
9059 129 
9060 129 
9061 128 
9062 127 
9063 128 
9064 129 
9065 130 
9066 130 
9067 128 
9068 127 
9069 128 
9070 130 
9071 130 
9072 129 
9073 126 
9074 126 
9075 127 
9076 129 
9077 129 
9078 127 
9079 125 
9080 124 
9081 126 
9082 128 
9083 127 
9084 125 
9085 123 
9086 124 
9087 126 
9088 127 
9089 127 
9090 125 
9091 124 
9092 125 
9093 127 
9094 128 
9095 127 
9096 126 
9097 125 
9098 127 
9099 128 
9100 129 
9101 128 
9102 127 
9103 127 
9104 129 
9105 130 
9106 129 
9107 128 
9108 127 
9109 128 
9110 129 
9111 130 
9112 128 
9113 127 
9114 127 
9115 128 
9116 129 
9117 128 
9118 126 
9119 125 
9120 126 
9121 127 
9122 128 
9123 126 
9124 124 
9125 124 
9126 125 
9127 127 
9128 127 
9129 126 
9130 124 
9131 124 
9132 126 
9133 128 
9134 128 
9135 126 
9136 125 
9137 125 
9138 128 
9139 129 
9140 129 
9141 127 
9142 126 
9143 127 
9144 129 
9145 130 
9146 129 
9147 127 
9148 127 
9149 128 
9150 130 
9151 130 
9152 128 
9153 127 
9154 127 
9155 128 
9156 129 
9157 128 
9158 127 
9159 126 
9160 126 
9161 127 
9162 127 
9163 126 
9164 125 
9165 125 
9166 126 
9167 127 
9168 126 
9169 125 
9170 124 
9171 125 
9172 127 
9173 128 
9174 127 
9175 125 
9176 125 
9177 127 
9178 129 
9179 129 
9180 127 
9181 125 
9182 126 
9183 128 
9184 130 
9185 130 
9186 128 
9187 126 
9188 127 
9189 129 
9190 130 
9191 129 
9192 127 
9193 126 
9194 127 
9195 128 
9196 129 
9197 128 
9198 126 
9199 125 
9200 126 
9201 128 
9202 128 
9203 126 
9204 125 
9205 125 
9206 126 
9207 127 
9208 126 
9209 125 
9210 125 
9211 126 
9212 127 
9213 127 
9214 126 
9215 125 
9216 126 
9217 127 
9218 128 
9219 128 
9220 126 
9221 126 
9222 127 
9223 129 
9224 130 
9225 128 
9226 127 
9227 126 
9228 128 
9229 130 
9230 130 
9231 128 
9232 126 
9233 126 
9234 128 
9235 129 
9236 128 
9237 126 
9238 125 
9239 126 
9240 127 
9241 128 
9242 127 
9243 125 
9244 124 
9245 125 
9246 127 
9247 128 
9248 126 
9249 125 
9250 124 
9251 126 
9252 128 
9253 128 
9254 126 
9255 125 
9256 126 
9257 128 
9258 129 
9259 128 
9260 127 
9261 126 
9262 128 
9263 129 
9264 129 
9265 128 
9266 127 
9267 127 
9268 129 
9269 130 
9270 129 
9271 127 
9272 127 
9273 127 
9274 129 
9275 129 
9276 127 
9277 126 
9278 125 
9279 127 
9280 128 
9281 127 
9282 126 
9283 124 
9284 124 
9285 126 
9286 128 
9287 127 
9288 125 
9289 123 
9290 124 
9291 127 
9292 128 
9293 127 
9294 125 
9295 125 
9296 126 
9297 128 
9298 129 
9299 128 
9300 126 
9301 126 
9302 128 
9303 130 
9304 130 
9305 128 
9306 127 
9307 128 
9308 129 
9309 130 
9310 129 
9311 128 
9312 127 
9313 128 
9314 129 
9315 129 
9316 127 
9317 126 
9318 126 
9319 127 
9320 128 
9321 127 
9322 125 
9323 124 
9324 125 
9325 127 
9326 127 
9327 125 
9328 124 
9329 124 
9330 125 
9331 127 
9332 127 
9333 125 
9334 124 
9335 125 
9336 127 
9337 128 
9338 128 
9339 126 
9340 125 
9341 127 
9342 129 
9343 130 
9344 129 
9345 127 
9346 127 
9347 128 
9348 130 
9349 131 
9350 129 
9351 128 
9352 128 
9353 129 
9354 130 
9355 130 
9356 128 
9357 126 
9358 127 
9359 128 
9360 128 
9361 127 
9362 126 
9363 125 
9364 126 
9365 127 
9366 127 
9367 125 
9368 124 
9369 124 
9370 125 
9371 126 
9372 125 
9373 124 
9374 124 
9375 125 
9376 127 
9377 127 
9378 126 
9379 125 
9380 125 
9381 127 
9382 129 
9383 129 
9384 127 
9385 126 
9386 127 
9387 129 
9388 131 
9389 130 
9390 128 
9391 127 
9392 128 
9393 130 
9394 131 
9395 129 
9396 127 
9397 127 
9398 128 
9399 129 
9400 129 
9401 127 
9402 125 
9403 125 
9404 127 
9405 128 
9406 127 
9407 125 
9408 124 
9409 124 
9410 126 
9411 126 
9412 126 
9413 124 
9414 124 
9415 125 
9416 126 
9417 126 
9418 125 
9419 125 
9420 125 
9421 127 
9422 128 
9423 127 
9424 126 
9425 126 
9426 128 
9427 129 
9428 130 
9429 128 
9430 127 
9431 128 
9432 129 
9433 131 
9434 130 
9435 128 
9436 127 
9437 128 
9438 129 
9439 130 
9440 129 
9441 127 
9442 126 
9443 127 
9444 128 
9445 129 
9446 127 
9447 125 
9448 124 
9449 126 
9450 127 
9451 127 
9452 125 
9453 124 
9454 124 
9455 126 
9456 127 
9457 126 
9458 125 
9459 124 
9460 125 
9461 127 
9462 128 
9463 127 
9464 126 
9465 126 
9466 127 
9467 129 
9468 129 
9469 128 
9470 127 
9471 128 
9472 129 
9473 130 
9474 129 
9475 128 
9476 127 
9477 128 
9478 129 
9479 129 
9480 128 
9481 127 
9482 127 
9483 128 
9484 129 
9485 128 
9486 126 
9487 125 
9488 126 
9489 127 
9490 128 
9491 126 
9492 125 
9493 124 
9494 125 
9495 127 
9496 127 
9497 126 
9498 124 
9499 124 
9500 126 
9501 128 
9502 128 
9503 126 
9504 125 
9505 125 
9506 127 
9507 129 
9508 128 
9509 127 
9510 126 
9511 127 
9512 129 
9513 130 
9514 129 
9515 127 
9516 127 
9517 128 
9518 129 
9519 129 
9520 128 
9521 127 
9522 127 
9523 128 
9524 128 
9525 128 
9526 126 
9527 126 
9528 127 
9529 128 
9530 127 
9531 126 
9532 125 
9533 125 
9534 126 
9535 127 
9536 127 
9537 125 
9538 124 
9539 125 
9540 127 
9541 128 
9542 127 
9543 125 
9544 125 
9545 127 
9546 129 
9547 129 
9548 128 
9549 126 
9550 126 
9551 128 
9552 130 
9553 129 
9554 128 
9555 126 
9556 127 
9557 128 
9558 129 
9559 129 
9560 127 
9561 126 
9562 127 
9563 128 
9564 128 
9565 127 
9566 126 
9567 125 
9568 126 
9569 127 
9570 127 
9571 126 
9572 125 
9573 125 
9574 126 
9575 127 
9576 126 
9577 125 
9578 125 
9579 126 
9580 127 
9581 128 
9582 127 
9583 126 
9584 126 
9585 128 
9586 129 
9587 128 
9588 127 
9589 126 
9590 127 
9591 129 
9592 130 
9593 129 
9594 127 
9595 127 
9596 128 
9597 130 
9598 130 
9599 128 
9600 126 
9601 126 
9602 128 
9603 129 
9604 128 
9605 126 
9606 125 
9607 125 
9608 127 
9609 128 
9610 127 
9611 125 
9612 124 
9613 125 
9614 127 
9615 127 
9616 126 
9617 125 
9618 125 
9619 126 
9620 127 
9621 127 
9622 126 
9623 126 
9624 126 
9625 128 
9626 128 
9627 128 
9628 127 
9629 127 
9630 128 
9631 129 
9632 129 
9633 128 
9634 127 
9635 128 
9636 129 
9637 130 
9638 129 
9639 127 
9640 127 
9641 127 
9642 129 
9643 129 
9644 127 
9645 126 
9646 125 
9647 126 
9648 128 
9649 128 
9650 126 
9651 124 
9652 124 
9653 126 
9654 127 
9655 127 
9656 125 
9657 124 
9658 124 
9659 126 
9660 127 
9661 127 
9662 125 
9663 125 
9664 126 
9665 128 
9666 128 
9667 128 
9668 126 
9669 127 
9670 128 
9671 129 
9672 129 
9673 128 
9674 128 
9675 128 
9676 130 
9677 130 
9678 129 
9679 128 
9680 127 
9681 128 
9682 129 
9683 129 
9684 127 
9685 126 
9686 126 
9687 127 
9688 128 
9689 127 
9690 125 
9691 124 
9692 125 
9693 127 
9694 127 
9695 125 
9696 124 
9697 124 
9698 125 
9699 127 
9700 127 
9701 125 
9702 124 
9703 125 
9704 127 
9705 128 
9706 128 
9707 126 
9708 125 
9709 127 
9710 129 
9711 130 
9712 129 
9713 127 
9714 127 
9715 128 
9716 130 
9717 130 
9718 129 
9719 128 
9720 128 
9721 129 
9722 130 
9723 129 
9724 128 
9725 127 
9726 127 
9727 128 
9728 128 
9729 127 
9730 126 
9731 125 
9732 126 
9733 127 
9734 126 
9735 125 
9736 124 
9737 125 
9738 126 
9739 126 
9740 126 
9741 124 
9742 124 
9743 125 
9744 127 
9745 127 
9746 126 
9747 125 
9748 125 
9749 127 
9750 129 
9751 129 
9752 127 
9753 126 
9754 127 
9755 129 
9756 130 
9757 130 
9758 128 
9759 127 
9760 128 
9761 130 
9762 130 
9763 129 
9764 127 
9765 127 
9766 127 
9767 129 
9768 129 
9769 127 
9770 126 
9771 125 
9772 127 
9773 127 
9774 127 
9775 125 
9776 124 
9777 125 
9778 126 
9779 126 
9780 125 
9781 124 
9782 124 
9783 126 
9784 127 
9785 127 
9786 126 
9787 125 
9788 126 
9789 127 
9790 128 
9791 128 
9792 127 
9793 126 
9794 128 
9795 129 
9796 130 
9797 129 
9798 127 
9799 127 
9800 129 
9801 130 
9802 130 
9803 128 
9804 127 
9805 127 
9806 129 
9807 129 
9808 128 
9809 126 
9810 126 
9811 126 
9812 128 
9813 128 
9814 127 
9815 125 
9816 124 
9817 125 
9818 127 
9819 127 
9820 125 
9821 124 
9822 124 
9823 126 
9824 127 
9825 127 
9826 125 
9827 125 
9828 126 
9829 127 
9830 128 
9831 127 
9832 126 
9833 126 
9834 128 
9835 129 
9836 129 
9837 128 
9838 127 
9839 128 
9840 129 
9841 130 
9842 129 
9843 128 
9844 127 
9845 128 
9846 129 
9847 129 
9848 128 
9849 126 
9850 126 
9851 128 
9852 129 
9853 128 
9854 126 
9855 125 
9856 125 
9857 127 
9858 127 
9859 126 
9860 124 
9861 124 
9862 125 
9863 127 
9864 127 
9865 126 
9866 125 
9867 125 
9868 126 
9869 128 
9870 128 
9871 127 
9872 126 
9873 126 
9874 128 
9875 129 
9876 129 
9877 127 
9878 127 
9879 128 
9880 129 
9881 130 
9882 129 
9883 128 
9884 127 
9885 128 
9886 129 
9887 129 
9888 127 
9889 126 
9890 127 
9891 128 
9892 128 
9893 127 
9894 126 
9895 125 
9896 126 
9897 127 
9898 127 
9899 126 
9900 124 
9901 124 
9902 126 
9903 127 
9904 127 
9905 125 
9906 124 
9907 125 
9908 127 
9909 128 
9910 127 
9911 126 
9912 125 
9913 127 
9914 128 
9915 129 
9916 128 
9917 127 
9918 127 
9919 128 
9920 130 
9921 130 
9922 128 
9923 127 
9924 127 
9925 129 
9926 129 
9927 129 
9928 127 
9929 126 
9930 127 
9931 128 
9932 128 
9933 127 
9934 126 
9935 126 
9936 126 
9937 127 
9938 127 
9939 126 
9940 125 
9941 125 
9942 126 
9943 127 
9944 126 
9945 125 
9946 125 
9947 126 
9948 127 
9949 127 
9950 126 
9951 125 
9952 126 
9953 128 
9954 129 
9955 128 
9956 127 
9957 126 
9958 127 
9959 129 
9960 130 
9961 129 
9962 127 
9963 127 
9964 128 
9965 130 
9966 130 
9967 128 
9968 126 
9969 126 
9970 128 
9971 129 
9972 128 
9973 127 
9974 125 
9975 126 
9976 127 
9977 128 
9978 127 
9979 125 
9980 125 
9981 125 
9982 126 
9983 127 
9984 126 
9985 125 
9986 125 
9987 126 
9988 127 
9989 127 
9990 126 
9991 126 
9992 126 
9993 128 
9994 128 
9995 128 
9996 127 
9997 127 
9998 128 
9999 129 
